{"qid": 97, "query": "Locate block moments by players from Saudi Arabia.", "vid": "WC2022_3857260_2_3540s_3690s", "pred_relevant_windows": [[53.628, 61.235, 0.4256], [35.3584, 42.9309, 0.421], [110.7168, 118.2557, 0.4197], [75.7961, 83.3185, 0.4167], [94.738, 102.3822, 0.4081], [134.525, 142.1029, 0.4035], [14.2264, 21.9491, 0.3919]], "pred_exist_score": 0.5525, "pred_gate_score": 0.462328, "pred_zero_score": 0.447483, "pred_localization_evidence": 0.425594, "pred_exist_decision": 1, "pred_count": 2, "pred_count_probs": [0.447483, 0.226723, 0.286522, 0.031751, 0.007521], "all_query_windows": [[53.628, 61.235, 0.4256], [35.3584, 42.9309, 0.421], [110.7168, 118.2557, 0.4197], [75.7961, 83.3185, 0.4167], [94.738, 102.3822, 0.4081], [134.525, 142.1029, 0.4035], [14.2264, 21.9491, 0.3919], [82.4426, 89.9691, 0.0184], [103.8491, 111.1021, 0.0138], [83.8205, 91.3959, 0.0096]], "all_query_indices": [3, 6, 9, 7, 5, 1, 0, 8, 2, 4], "all_query_components": [[14.2264, 21.9491, 0.784078, 0.195845], [134.525, 142.1029, 0.712376, 0.228564], [103.8491, 111.1021, 0.020071, 0.00952], [53.628, 61.235, 0.693647, 0.261128], [83.8205, 91.3959, 0.01164, 0.007941], [94.738, 102.3822, 0.714825, 0.23303], [35.3584, 42.9309, 0.763899, 0.231987], [75.7961, 83.3185, 0.779457, 0.222748], [82.4426, 89.9691, 0.023734, 0.014318], [110.7168, 118.2557, 0.749308, 0.23508]], "pred_same_event_probs": [[0.604836, 0.554597, 0.558131, 0.5718, 0.564715, 0.545072, 0.540574, 0.590809, 0.587316, 0.589173], [0.554597, 0.585501, 0.530232, 0.543022, 0.538267, 0.52693, 0.537125, 0.551604, 0.543166, 0.551702], [0.558131, 0.530232, 0.616804, 0.582024, 0.597313, 0.587122, 0.53302, 0.598995, 0.611621, 0.600317], [0.5718, 0.543022, 0.582024, 0.614954, 0.601429, 0.553554, 0.532141, 0.625299, 0.600643, 0.624294], [0.564715, 0.538267, 0.597313, 0.601429, 0.620089, 0.570299, 0.527479, 0.621559, 0.616178, 0.622585], [0.545072, 0.52693, 0.587122, 0.553554, 0.570299, 0.615333, 0.537369, 0.556765, 0.58132, 0.559822], [0.540574, 0.537125, 0.53302, 0.532141, 0.527479, 0.537369, 0.582387, 0.533079, 0.533481, 0.534304], [0.590809, 0.551604, 0.598995, 0.625299, 0.621559, 0.556765, 0.533079, 0.66557, 0.645189, 0.665338], [0.587316, 0.543166, 0.611621, 0.600643, 0.616178, 0.58132, 0.533481, 0.645189, 0.660651, 0.649653], [0.589173, 0.551702, 0.600317, 0.624294, 0.622585, 0.559822, 0.534304, 0.665338, 0.649653, 0.672975]], "selected_count": 7}
{"qid": 408, "query": "Find shot moments performed by players from Mexico.", "vid": "WC2022_3857260_2_3540s_3690s", "pred_relevant_windows": [[35.4136, 43.0089, 0.4215], [53.9504, 61.6158, 0.4213], [111.149, 118.7255, 0.4162], [76.012, 83.5789, 0.4149], [95.0681, 102.7488, 0.4036], [13.8847, 21.5893, 0.3987], [134.8514, 142.4048, 0.3974]], "pred_exist_score": 0.5268, "pred_gate_score": 0.450279, "pred_zero_score": 0.473203, "pred_localization_evidence": 0.421492, "pred_exist_decision": 1, "pred_count": 2, "pred_count_probs": [0.473203, 0.22518, 0.270463, 0.025896, 0.005257], "all_query_windows": [[35.4136, 43.0089, 0.4215], [53.9504, 61.6158, 0.4213], [111.149, 118.7255, 0.4162], [76.012, 83.5789, 0.4149], [95.0681, 102.7488, 0.4036], [13.8847, 21.5893, 0.3987], [134.8514, 142.4048, 0.3974], [82.7471, 90.2522, 0.0181], [104.3726, 111.6331, 0.0146], [84.4832, 92.0616, 0.0089]], "all_query_indices": [6, 3, 9, 7, 5, 0, 1, 8, 2, 4], "all_query_components": [[13.8847, 21.5893, 0.787989, 0.201686], [134.8514, 142.4048, 0.696132, 0.226906], [104.3726, 111.6331, 0.020725, 0.010288], [53.9504, 61.6158, 0.677226, 0.262133], [84.4832, 92.0616, 0.010371, 0.007556], [95.0681, 102.7488, 0.702264, 0.231985], [35.4136, 43.0089, 0.759019, 0.234059], [76.012, 83.5789, 0.772069, 0.222987], [82.7471, 90.2522, 0.022844, 0.014321], [111.149, 118.7255, 0.738329, 0.234629]], "pred_same_event_probs": [[0.579451, 0.530627, 0.512027, 0.517094, 0.520895, 0.515011, 0.511815, 0.524599, 0.524753, 0.525475], [0.530627, 0.60516, 0.557189, 0.568738, 0.561486, 0.538681, 0.542924, 0.588785, 0.586025, 0.587677], [0.512027, 0.557189, 0.617543, 0.581769, 0.593779, 0.532082, 0.585682, 0.598794, 0.608765, 0.60019], [0.517094, 0.568738, 0.581769, 0.614497, 0.595035, 0.53006, 0.549439, 0.625243, 0.595082, 0.623476], [0.520895, 0.561486, 0.593779, 0.595035, 0.619401, 0.523588, 0.566033, 0.61639, 0.615015, 0.618355], [0.515011, 0.538681, 0.532082, 0.53006, 0.523588, 0.583843, 0.535823, 0.530892, 0.52979, 0.531945], [0.511815, 0.542924, 0.585682, 0.549439, 0.566033, 0.535823, 0.615382, 0.552552, 0.578673, 0.556342], [0.524599, 0.588785, 0.598794, 0.625243, 0.61639, 0.530892, 0.552552, 0.666266, 0.640848, 0.665586], [0.524753, 0.586025, 0.608765, 0.595082, 0.615015, 0.52979, 0.578673, 0.640848, 0.659792, 0.646532], [0.525475, 0.587677, 0.60019, 0.623476, 0.618355, 0.531945, 0.556342, 0.665586, 0.646532, 0.674391]], "selected_count": 7}
{"qid": 1990, "query": "Locate foul committed moments performed by players from Saudi Arabia.", "vid": "WC2022_3857260_2_3540s_3690s", "pred_relevant_windows": [[35.7695, 43.361, 0.416], [14.0569, 21.7702, 0.4082], [111.3278, 118.9318, 0.403], [76.616, 84.1797, 0.3992], [135.2789, 142.8485, 0.3916], [54.737, 62.398, 0.3901], [95.03, 102.6828, 0.3826]], "pred_exist_score": 0.4943, "pred_gate_score": 0.423209, "pred_zero_score": 0.505736, "pred_localization_evidence": 0.415959, "pred_exist_decision": 1, "pred_count": 1, "pred_count_probs": [0.505736, 0.242327, 0.234617, 0.014718, 0.002603], "all_query_windows": [[35.7695, 43.361, 0.416], [14.0569, 21.7702, 0.4082], [111.3278, 118.9318, 0.403], [76.616, 84.1797, 0.3992], [135.2789, 142.8485, 0.3916], [54.737, 62.398, 0.3901], [95.03, 102.6828, 0.3826], [83.1282, 90.63, 0.016], [102.8285, 110.1684, 0.0128], [85.2444, 92.8187, 0.0079]], "all_query_indices": [6, 0, 9, 7, 1, 3, 5, 8, 2, 4], "all_query_components": [[14.0569, 21.7702, 0.790947, 0.210682], [135.2789, 142.8485, 0.680719, 0.225316], [102.8285, 110.1684, 0.017179, 0.009595], [54.737, 62.398, 0.609509, 0.249664], [85.2444, 92.8187, 0.008939, 0.007066], [95.03, 102.6828, 0.65951, 0.221953], [35.7695, 43.361, 0.740676, 0.2336], [76.616, 84.1797, 0.738093, 0.215899], [83.1282, 90.63, 0.019447, 0.013158], [111.3278, 118.9318, 0.711037, 0.228393]], "pred_same_event_probs": [[0.578149, 0.533578, 0.52704, 0.536308, 0.522241, 0.549421, 0.537279, 0.546854, 0.54222, 0.547337], [0.533578, 0.583912, 0.534059, 0.532629, 0.538067, 0.542629, 0.525037, 0.534309, 0.531535, 0.535074], [0.52704, 0.534059, 0.617551, 0.583077, 0.585896, 0.559668, 0.593703, 0.600634, 0.608299, 0.601835], [0.536308, 0.532629, 0.583077, 0.617308, 0.550981, 0.573379, 0.596987, 0.628988, 0.599323, 0.625917], [0.522241, 0.538067, 0.585896, 0.550981, 0.613579, 0.543047, 0.563596, 0.554557, 0.57506, 0.55847], [0.549421, 0.542629, 0.559668, 0.573379, 0.543047, 0.608174, 0.562476, 0.595982, 0.588717, 0.594532], [0.537279, 0.525037, 0.593703, 0.596987, 0.563596, 0.562476, 0.620235, 0.619636, 0.617551, 0.621791], [0.546854, 0.534309, 0.600634, 0.628988, 0.554557, 0.595982, 0.619636, 0.670589, 0.645925, 0.669045], [0.54222, 0.531535, 0.608299, 0.599323, 0.57506, 0.588717, 0.617551, 0.645925, 0.661276, 0.651908], [0.547337, 0.535074, 0.601835, 0.625917, 0.55847, 0.594532, 0.621791, 0.669045, 0.651908, 0.677825]], "selected_count": 7}
{"qid": 2052, "query": "Locate all clearance actions performed by players from Mexico.", "vid": "WC2022_3857260_2_3540s_3690s", "pred_relevant_windows": [[51.5801, 59.2156, 0.4652], [34.1244, 41.7517, 0.4417], [73.5158, 81.1043, 0.4422], [110.6697, 118.1905, 0.4287], [95.4764, 103.1414, 0.4264], [132.2738, 139.771, 0.42], [11.4676, 19.1648, 0.3953]], "pred_exist_score": 0.6114, "pred_gate_score": 0.527356, "pred_zero_score": 0.388625, "pred_localization_evidence": 0.465204, "pred_exist_decision": 1, "pred_count": 2, "pred_count_probs": [0.388625, 0.155421, 0.339851, 0.081048, 0.035056], "all_query_windows": [[51.5801, 59.2156, 0.4652], [73.5158, 81.1043, 0.4422], [34.1244, 41.7517, 0.4417], [110.6697, 118.1905, 0.4287], [95.4764, 103.1414, 0.4264], [132.2738, 139.771, 0.42], [11.4676, 19.1648, 0.3953], [81.1409, 88.5769, 0.0161], [105.3052, 112.8114, 0.0131], [81.0982, 88.6741, 0.0108]], "all_query_indices": [3, 7, 6, 9, 5, 1, 0, 8, 2, 4], "all_query_components": [[11.4676, 19.1648, 0.802686, 0.19469], [132.2738, 139.771, 0.7547, 0.233717], [105.3052, 112.8114, 0.020608, 0.008332], [51.5801, 59.2156, 0.794144, 0.272513], [81.0982, 88.6741, 0.01393, 0.008357], [95.4764, 103.1414, 0.752007, 0.241723], [34.1244, 41.7517, 0.819307, 0.238162], [73.5158, 81.1043, 0.832272, 0.234989], [81.1409, 88.5769, 0.020858, 0.012457], [110.6697, 118.1905, 0.769273, 0.238886]], "pred_same_event_probs": [[0.597169, 0.562856, 0.553668, 0.544972, 0.552379, 0.537447, 0.533987, 0.579157, 0.570395, 0.577624], [0.562856, 0.606949, 0.543176, 0.568993, 0.591712, 0.546271, 0.527169, 0.616016, 0.583796, 0.615354], [0.553668, 0.543176, 0.573633, 0.525765, 0.534229, 0.523186, 0.539855, 0.549878, 0.535666, 0.550647], [0.544972, 0.568993, 0.525765, 0.61351, 0.589153, 0.58752, 0.523198, 0.588684, 0.608664, 0.588758], [0.552379, 0.591712, 0.534229, 0.589153, 0.61368, 0.565493, 0.521145, 0.613504, 0.603588, 0.613043], [0.537447, 0.546271, 0.523186, 0.58752, 0.565493, 0.613134, 0.531384, 0.551933, 0.582932, 0.553731], [0.533987, 0.527169, 0.539855, 0.523198, 0.521145, 0.531384, 0.579206, 0.525864, 0.524839, 0.52756], [0.579157, 0.616016, 0.549878, 0.588684, 0.613504, 0.551933, 0.525864, 0.663544, 0.636128, 0.663133], [0.570395, 0.583796, 0.535666, 0.608664, 0.603588, 0.582932, 0.524839, 0.636128, 0.658147, 0.63942], [0.577624, 0.615354, 0.550647, 0.588758, 0.613043, 0.553731, 0.52756, 0.663133, 0.63942, 0.668558]], "selected_count": 7}
{"qid": 2528, "query": "Find substitution moments performed by players from Mexico.", "vid": "WC2022_3857260_2_3540s_3690s", "pred_relevant_windows": [[35.8709, 43.4604, 0.4143], [14.517, 22.258, 0.4049], [111.1402, 118.7464, 0.4015], [76.8207, 84.3796, 0.3947], [135.2433, 142.8192, 0.3934], [54.8068, 62.4565, 0.3888], [94.8938, 102.5456, 0.38]], "pred_exist_score": 0.4963, "pred_gate_score": 0.421187, "pred_zero_score": 0.503743, "pred_localization_evidence": 0.414349, "pred_exist_decision": 1, "pred_count": 1, "pred_count_probs": [0.503743, 0.246822, 0.232368, 0.014385, 0.002682], "all_query_windows": [[35.8709, 43.4604, 0.4143], [14.517, 22.258, 0.4049], [111.1402, 118.7464, 0.4015], [76.8207, 84.3796, 0.3947], [135.2433, 142.8192, 0.3934], [54.8068, 62.4565, 0.3888], [94.8938, 102.5456, 0.38], [83.1995, 90.7015, 0.0165], [102.6369, 109.9733, 0.0128], [85.2318, 92.7933, 0.0088]], "all_query_indices": [6, 0, 9, 7, 1, 3, 5, 8, 2, 4], "all_query_components": [[14.517, 22.258, 0.785635, 0.208639], [135.2433, 142.8192, 0.685636, 0.225728], [102.6369, 109.9733, 0.017282, 0.009539], [54.8068, 62.4565, 0.608436, 0.248469], [85.2318, 92.7933, 0.010084, 0.007614], [94.8938, 102.5456, 0.656267, 0.219993], [35.8709, 43.4604, 0.738088, 0.232608], [76.8207, 84.3796, 0.730339, 0.213362], [83.1995, 90.7015, 0.020164, 0.013432], [111.1402, 118.7464, 0.709857, 0.227048]], "pred_same_event_probs": [[0.579743, 0.539808, 0.530962, 0.54288, 0.525603, 0.555272, 0.540578, 0.553758, 0.546215, 0.553598], [0.539808, 0.581908, 0.534277, 0.532714, 0.53882, 0.54275, 0.527529, 0.534736, 0.534147, 0.535697], [0.530962, 0.534277, 0.617376, 0.58279, 0.586018, 0.559491, 0.595483, 0.600247, 0.610237, 0.601386], [0.54288, 0.532714, 0.58279, 0.616467, 0.551764, 0.573688, 0.600702, 0.628465, 0.603255, 0.62594], [0.525603, 0.53882, 0.586018, 0.551764, 0.613593, 0.543245, 0.565629, 0.555445, 0.577111, 0.558901], [0.555272, 0.54275, 0.559491, 0.573688, 0.543245, 0.607117, 0.565298, 0.59591, 0.591019, 0.594096], [0.540578, 0.527529, 0.595483, 0.600702, 0.565629, 0.565298, 0.620894, 0.622882, 0.619181, 0.624358], [0.553758, 0.534736, 0.600247, 0.628465, 0.555445, 0.59591, 0.622882, 0.669066, 0.648502, 0.667682], [0.546215, 0.534147, 0.610237, 0.603255, 0.577111, 0.591019, 0.619181, 0.648502, 0.662463, 0.653504], [0.553598, 0.535697, 0.601386, 0.62594, 0.558901, 0.594096, 0.624358, 0.667682, 0.653504, 0.675554]], "selected_count": 7}
{"qid": 4765, "query": "Find all substitution moments by players from Saudi Arabia.", "vid": "WC2022_3857260_2_3540s_3690s", "pred_relevant_windows": [[35.7001, 43.2781, 0.4181], [111.0373, 118.6348, 0.4075], [14.2752, 21.9942, 0.4014], [54.3662, 62.0189, 0.4006], [76.424, 83.976, 0.3998], [135.0079, 142.5768, 0.3997], [94.8674, 102.5278, 0.3866]], "pred_exist_score": 0.5155, "pred_gate_score": 0.433978, "pred_zero_score": 0.48454, "pred_localization_evidence": 0.418095, "pred_exist_decision": 1, "pred_count": 2, "pred_count_probs": [0.48454, 0.246313, 0.247973, 0.017539, 0.003634], "all_query_windows": [[35.7001, 43.2781, 0.4181], [111.0373, 118.6348, 0.4075], [14.2752, 21.9942, 0.4014], [54.3662, 62.0189, 0.4006], [76.424, 83.976, 0.3998], [135.0079, 142.5768, 0.3997], [94.8674, 102.5278, 0.3866], [82.9883, 90.5191, 0.0152], [102.7231, 110.0543, 0.0117], [84.6316, 92.2028, 0.0082]], "all_query_indices": [6, 9, 0, 3, 7, 1, 5, 8, 2, 4], "all_query_components": [[14.2752, 21.9942, 0.785709, 0.205045], [135.0079, 142.5768, 0.698914, 0.228576], [102.7231, 110.0543, 0.015739, 0.008682], [54.3662, 62.0189, 0.633676, 0.253237], [84.6316, 92.2028, 0.009397, 0.007146], [94.8674, 102.5278, 0.669951, 0.223055], [35.7001, 43.2781, 0.74878, 0.233451], [76.424, 83.976, 0.742031, 0.215387], [82.9883, 90.5191, 0.018451, 0.01247], [111.0373, 118.6348, 0.722068, 0.229954]], "pred_same_event_probs": [[0.583826, 0.532661, 0.54058, 0.559066, 0.54679, 0.528237, 0.54213, 0.557129, 0.547859, 0.556822], [0.532661, 0.617678, 0.53458, 0.559066, 0.582417, 0.586308, 0.59729, 0.600323, 0.611903, 0.601184], [0.54058, 0.53458, 0.583595, 0.541975, 0.53253, 0.538311, 0.528036, 0.534352, 0.534643, 0.535426], [0.559066, 0.559066, 0.541975, 0.607499, 0.574153, 0.54422, 0.566864, 0.59552, 0.591603, 0.593595], [0.54679, 0.582417, 0.53253, 0.574153, 0.616935, 0.552563, 0.603217, 0.628861, 0.604714, 0.626964], [0.528237, 0.586308, 0.538311, 0.54422, 0.552563, 0.614701, 0.568619, 0.556526, 0.579849, 0.559545], [0.54213, 0.59729, 0.528036, 0.566864, 0.603217, 0.568619, 0.621693, 0.625129, 0.619853, 0.625769], [0.557129, 0.600323, 0.534352, 0.59552, 0.628861, 0.556526, 0.625129, 0.67027, 0.650878, 0.669353], [0.547859, 0.611903, 0.534643, 0.591603, 0.604714, 0.579849, 0.619853, 0.650878, 0.664067, 0.654939], [0.556822, 0.601184, 0.535426, 0.593595, 0.626964, 0.559545, 0.625769, 0.669353, 0.654939, 0.676398]], "selected_count": 7}
{"qid": 4951, "query": "Find shot moments by players from Saudi Arabia.", "vid": "WC2022_3857260_2_3540s_3690s", "pred_relevant_windows": [[35.4631, 43.045, 0.4193], [110.9254, 118.4947, 0.4162], [53.9911, 61.6359, 0.416], [76.0355, 83.5803, 0.4134], [94.8005, 102.4662, 0.4017], [134.8116, 142.3795, 0.3991], [14.3794, 22.1094, 0.3959]], "pred_exist_score": 0.5322, "pred_gate_score": 0.450532, "pred_zero_score": 0.467752, "pred_localization_evidence": 0.419293, "pred_exist_decision": 1, "pred_count": 2, "pred_count_probs": [0.467752, 0.23369, 0.269047, 0.024527, 0.004983], "all_query_windows": [[35.4631, 43.045, 0.4193], [110.9254, 118.4947, 0.4162], [53.9911, 61.6359, 0.416], [76.0355, 83.5803, 0.4134], [94.8005, 102.4662, 0.4017], [134.8116, 142.3795, 0.3991], [14.3794, 22.1094, 0.3959], [82.6534, 90.1729, 0.0181], [103.6372, 110.9026, 0.0144], [84.3008, 91.8946, 0.0089]], "all_query_indices": [6, 9, 3, 7, 5, 1, 0, 8, 2, 4], "all_query_components": [[14.3794, 22.1094, 0.784316, 0.199867], [134.8116, 142.3795, 0.700718, 0.227313], [103.6372, 110.9026, 0.020356, 0.010172], [53.9911, 61.6359, 0.667799, 0.259124], [84.3008, 91.8946, 0.010484, 0.007569], [94.8005, 102.4662, 0.699992, 0.230562], [35.4631, 43.045, 0.756167, 0.232497], [76.0355, 83.5803, 0.769984, 0.221923], [82.6534, 90.1729, 0.022874, 0.014279], [110.9254, 118.4947, 0.739557, 0.234186]], "pred_same_event_probs": [[0.58056, 0.518513, 0.540743, 0.527499, 0.528616, 0.516912, 0.52303, 0.535829, 0.532947, 0.536427], [0.518513, 0.617149, 0.556807, 0.58173, 0.593811, 0.585951, 0.533565, 0.598777, 0.608515, 0.600098], [0.540743, 0.556807, 0.605219, 0.570252, 0.563149, 0.542609, 0.539517, 0.590348, 0.587494, 0.58915], [0.527499, 0.58173, 0.570252, 0.61498, 0.597395, 0.551097, 0.531628, 0.626017, 0.598127, 0.62448], [0.528616, 0.593811, 0.563149, 0.597395, 0.619805, 0.566026, 0.52508, 0.618457, 0.616147, 0.620247], [0.516912, 0.585951, 0.542609, 0.551097, 0.566026, 0.614564, 0.5369, 0.554312, 0.577994, 0.557773], [0.52303, 0.533565, 0.539517, 0.531628, 0.52508, 0.5369, 0.582792, 0.532941, 0.531464, 0.533907], [0.535829, 0.598777, 0.590348, 0.626017, 0.618457, 0.554312, 0.532941, 0.666503, 0.643289, 0.666101], [0.532947, 0.608515, 0.587494, 0.598127, 0.616147, 0.577994, 0.531464, 0.643289, 0.660628, 0.648676], [0.536427, 0.600098, 0.58915, 0.62448, 0.620247, 0.557773, 0.533907, 0.666101, 0.648676, 0.674598]], "selected_count": 7}
{"qid": 5381, "query": "Find foul committed moments performed by players from Mexico.", "vid": "WC2022_3857260_2_3540s_3690s", "pred_relevant_windows": [[35.7576, 43.3511, 0.4167], [13.9785, 21.6918, 0.4091], [111.3925, 118.9978, 0.4025], [76.6036, 84.1672, 0.399], [135.2598, 142.8306, 0.392], [54.7629, 62.4264, 0.3896], [95.086, 102.7411, 0.3813]], "pred_exist_score": 0.4925, "pred_gate_score": 0.42249, "pred_zero_score": 0.507506, "pred_localization_evidence": 0.416696, "pred_exist_decision": 1, "pred_count": 1, "pred_count_probs": [0.507506, 0.242289, 0.233115, 0.014533, 0.002558], "all_query_windows": [[35.7576, 43.3511, 0.4167], [13.9785, 21.6918, 0.4091], [111.3925, 118.9978, 0.4025], [76.6036, 84.1672, 0.399], [135.2598, 142.8306, 0.392], [54.7629, 62.4264, 0.3896], [95.086, 102.7411, 0.3813], [83.1496, 90.6517, 0.0158], [102.8654, 110.2055, 0.0127], [85.2551, 92.8236, 0.0079]], "all_query_indices": [6, 0, 9, 7, 1, 3, 5, 8, 2, 4], "all_query_components": [[13.9785, 21.6918, 0.791883, 0.211375], [135.2598, 142.8306, 0.681292, 0.225586], [102.8654, 110.2055, 0.016989, 0.009555], [54.7629, 62.4264, 0.608132, 0.249579], [85.2551, 92.8236, 0.00885, 0.007018], [95.086, 102.7411, 0.656755, 0.221392], [35.7576, 43.3511, 0.741822, 0.234067], [76.6036, 84.1672, 0.737531, 0.215852], [83.1496, 90.6517, 0.01915, 0.013033], [111.3925, 118.9978, 0.709651, 0.228266]], "pred_same_event_probs": [[0.57727, 0.532735, 0.52667, 0.536257, 0.521312, 0.548939, 0.537516, 0.546859, 0.542125, 0.54744], [0.532735, 0.583582, 0.533598, 0.531839, 0.537971, 0.541811, 0.523674, 0.533436, 0.530375, 0.534102], [0.52667, 0.533598, 0.617257, 0.582208, 0.586265, 0.559059, 0.591919, 0.599774, 0.607096, 0.600806], [0.536257, 0.531839, 0.582208, 0.616941, 0.550625, 0.573352, 0.595644, 0.628599, 0.598457, 0.625356], [0.521312, 0.537971, 0.586265, 0.550625, 0.613435, 0.542329, 0.561186, 0.554102, 0.573115, 0.557544], [0.548939, 0.541811, 0.559059, 0.573352, 0.542329, 0.607923, 0.561071, 0.596033, 0.587554, 0.594396], [0.537516, 0.523674, 0.591919, 0.595644, 0.561186, 0.561071, 0.619417, 0.618591, 0.616502, 0.620758], [0.546859, 0.533436, 0.599774, 0.628599, 0.554102, 0.596033, 0.618591, 0.670497, 0.645349, 0.668789], [0.542125, 0.530375, 0.607096, 0.598457, 0.573115, 0.587554, 0.616502, 0.645349, 0.66068, 0.651372], [0.54744, 0.534102, 0.600806, 0.625356, 0.557544, 0.594396, 0.620758, 0.668789, 0.651372, 0.67753]], "selected_count": 7}
{"qid": 6338, "query": "Locate all clearance actions by players from Saudi Arabia.", "vid": "WC2022_3857260_2_3540s_3690s", "pred_relevant_windows": [[51.3683, 58.9927, 0.4655], [73.1975, 80.7727, 0.4473], [33.9332, 41.554, 0.4436], [110.2919, 117.7973, 0.4338], [95.4327, 103.077, 0.4325], [131.9673, 139.4633, 0.423], [11.8089, 19.5301, 0.3947]], "pred_exist_score": 0.6249, "pred_gate_score": 0.544615, "pred_zero_score": 0.375066, "pred_localization_evidence": 0.46551, "pred_exist_decision": 1, "pred_count": 2, "pred_count_probs": [0.375066, 0.146154, 0.347252, 0.090447, 0.041081], "all_query_windows": [[51.3683, 58.9927, 0.4655], [73.1975, 80.7727, 0.4473], [33.9332, 41.554, 0.4436], [110.2919, 117.7973, 0.4338], [95.4327, 103.077, 0.4325], [131.9673, 139.4633, 0.423], [11.8089, 19.5301, 0.3947], [80.7001, 88.1486, 0.0163], [104.7736, 112.3012, 0.0135], [80.2819, 87.9063, 0.0111]], "all_query_indices": [3, 7, 6, 9, 5, 1, 0, 8, 2, 4], "all_query_components": [[11.8089, 19.5301, 0.806726, 0.193091], [131.9673, 139.4633, 0.762828, 0.234566], [104.7736, 112.3012, 0.02167, 0.008445], [51.3683, 58.9927, 0.798958, 0.271227], [80.2819, 87.9063, 0.014624, 0.008362], [95.4327, 103.077, 0.764852, 0.244579], [33.9332, 41.554, 0.82768, 0.237709], [73.1975, 80.7727, 0.842773, 0.237404], [80.7001, 88.1486, 0.021478, 0.012386], [110.2919, 117.7973, 0.780255, 0.241189]], "pred_same_event_probs": [[0.598469, 0.564961, 0.55558, 0.546436, 0.554102, 0.5381, 0.535216, 0.581405, 0.572487, 0.580122], [0.564961, 0.608637, 0.545482, 0.57039, 0.593387, 0.547145, 0.52838, 0.617483, 0.585677, 0.616839], [0.55558, 0.545482, 0.575881, 0.527136, 0.53568, 0.523981, 0.542463, 0.551813, 0.537392, 0.552945], [0.546436, 0.57039, 0.527136, 0.614549, 0.591307, 0.589609, 0.523915, 0.590058, 0.60963, 0.589997], [0.554102, 0.593387, 0.53568, 0.591307, 0.615275, 0.567306, 0.522142, 0.615108, 0.605882, 0.614446], [0.5381, 0.547145, 0.523981, 0.589609, 0.567306, 0.614496, 0.531779, 0.552948, 0.583893, 0.554607], [0.535216, 0.52838, 0.542463, 0.523915, 0.522142, 0.531779, 0.579741, 0.527144, 0.525956, 0.52903], [0.581405, 0.617483, 0.551813, 0.590058, 0.615108, 0.552948, 0.527144, 0.665001, 0.638108, 0.664556], [0.572487, 0.585677, 0.537392, 0.60963, 0.605882, 0.583893, 0.525956, 0.638108, 0.65967, 0.641188], [0.580122, 0.616839, 0.552945, 0.589997, 0.614446, 0.554607, 0.52903, 0.664556, 0.641188, 0.670044]], "selected_count": 7}
{"qid": 6516, "query": "Identify block moments performed by players from Mexico.", "vid": "WC2022_3857260_2_3540s_3690s", "pred_relevant_windows": [[53.7355, 61.362, 0.4234], [35.4283, 42.9959, 0.4213], [111.042, 118.6056, 0.4147], [75.7632, 83.2863, 0.4106], [134.6206, 142.1848, 0.4034], [94.9523, 102.6056, 0.3993], [13.5761, 21.2592, 0.3954]], "pred_exist_score": 0.5409, "pred_gate_score": 0.454394, "pred_zero_score": 0.459147, "pred_localization_evidence": 0.423434, "pred_exist_decision": 1, "pred_count": 2, "pred_count_probs": [0.459147, 0.231967, 0.275281, 0.026953, 0.006653], "all_query_windows": [[53.7355, 61.362, 0.4234], [35.4283, 42.9959, 0.4213], [111.042, 118.6056, 0.4147], [75.7632, 83.2863, 0.4106], [134.6206, 142.1848, 0.4034], [94.9523, 102.6056, 0.3993], [13.5761, 21.2592, 0.3954], [82.7361, 90.2722, 0.0153], [103.988, 111.3343, 0.0113], [84.0795, 91.6575, 0.0083]], "all_query_indices": [3, 6, 9, 7, 1, 5, 0, 8, 2, 4], "all_query_components": [[13.5761, 21.2592, 0.785699, 0.199013], [134.6206, 142.1848, 0.709267, 0.229399], [103.988, 111.3343, 0.015719, 0.008083], [53.7355, 61.362, 0.686462, 0.26119], [84.0795, 91.6575, 0.009662, 0.007104], [94.9523, 102.6056, 0.696765, 0.228862], [35.4283, 42.9959, 0.760951, 0.233222], [75.7632, 83.2863, 0.767412, 0.219726], [82.7361, 90.2722, 0.018953, 0.012375], [111.042, 118.6056, 0.737902, 0.233073]], "pred_same_event_probs": [[0.605211, 0.556497, 0.558533, 0.571729, 0.544934, 0.563642, 0.538098, 0.591211, 0.58746, 0.589257], [0.556497, 0.582721, 0.532747, 0.544945, 0.5273, 0.538633, 0.540265, 0.55406, 0.544517, 0.553821], [0.558533, 0.532747, 0.616715, 0.581662, 0.588544, 0.597696, 0.529583, 0.599296, 0.612416, 0.600255], [0.571729, 0.544945, 0.581662, 0.614869, 0.552706, 0.601689, 0.528571, 0.62594, 0.600916, 0.624559], [0.544934, 0.5273, 0.588544, 0.552706, 0.614735, 0.569076, 0.535573, 0.556318, 0.580958, 0.559125], [0.563642, 0.538633, 0.597696, 0.601689, 0.569076, 0.619962, 0.524606, 0.623165, 0.616572, 0.623753], [0.538098, 0.540265, 0.529583, 0.528571, 0.535573, 0.524606, 0.582483, 0.529221, 0.530147, 0.530506], [0.591211, 0.55406, 0.599296, 0.62594, 0.556318, 0.623165, 0.529221, 0.66819, 0.647862, 0.667598], [0.58746, 0.544517, 0.612416, 0.600916, 0.580958, 0.616572, 0.530147, 0.647862, 0.662216, 0.65195], [0.589257, 0.553821, 0.600255, 0.624559, 0.559125, 0.623753, 0.530506, 0.667598, 0.65195, 0.674541]], "selected_count": 7}
{"qid": 363, "query": "Identify foul committed moments performed by players from Switzerland.", "vid": "WC2022_3857256_2_4940s_5090s", "pred_relevant_windows": [[35.6707, 43.2772, 0.4181], [13.8858, 21.616, 0.4171], [76.6941, 84.2805, 0.394], [111.6395, 119.2917, 0.3891], [135.6925, 143.3341, 0.3774], [55.1019, 62.8058, 0.3758], [94.8122, 102.4409, 0.358]], "pred_exist_score": 0.4808, "pred_gate_score": 0.409336, "pred_zero_score": 0.519203, "pred_localization_evidence": 0.418113, "pred_exist_decision": 1, "pred_count": 1, "pred_count_probs": [0.519203, 0.247412, 0.219594, 0.011756, 0.002036], "all_query_windows": [[35.6707, 43.2772, 0.4181], [13.8858, 21.616, 0.4171], [76.6941, 84.2805, 0.394], [111.6395, 119.2917, 0.3891], [135.6925, 143.3341, 0.3774], [55.1019, 62.8058, 0.3758], [94.8122, 102.4409, 0.358], [83.2131, 90.7368, 0.0145], [101.702, 109.16, 0.012], [85.3424, 92.9443, 0.0074]], "all_query_indices": [6, 0, 7, 9, 1, 3, 5, 8, 2, 4], "all_query_components": [[13.8858, 21.616, 0.800393, 0.217325], [135.6925, 143.3341, 0.646829, 0.220223], [101.702, 109.16, 0.015366, 0.009341], [55.1019, 62.8058, 0.57856, 0.244126], [85.3424, 92.9443, 0.008086, 0.006704], [94.8122, 102.4409, 0.608592, 0.210562], [35.6707, 43.2772, 0.741386, 0.235799], [76.6941, 84.2805, 0.724456, 0.214302], [83.2131, 90.7368, 0.017197, 0.012287], [111.6395, 119.2917, 0.679517, 0.222804]], "pred_same_event_probs": [[0.587391, 0.538151, 0.548746, 0.526862, 0.529081, 0.559915, 0.538963, 0.560513, 0.538091, 0.559516], [0.538151, 0.58257, 0.5269, 0.530564, 0.531569, 0.539376, 0.527229, 0.528166, 0.535482, 0.529581], [0.548746, 0.5269, 0.618953, 0.572534, 0.551719, 0.576302, 0.60324, 0.630876, 0.593515, 0.628327], [0.526862, 0.530564, 0.572534, 0.612951, 0.568355, 0.553969, 0.593751, 0.58924, 0.610581, 0.590576], [0.529081, 0.531569, 0.551719, 0.568355, 0.611622, 0.544142, 0.56426, 0.554859, 0.563179, 0.558817], [0.559915, 0.539376, 0.576302, 0.553969, 0.544142, 0.611795, 0.567643, 0.599425, 0.584235, 0.596652], [0.538963, 0.527229, 0.60324, 0.593751, 0.56426, 0.567643, 0.624188, 0.625786, 0.614744, 0.626359], [0.560513, 0.528166, 0.630876, 0.58924, 0.554859, 0.599425, 0.625786, 0.673471, 0.639607, 0.672378], [0.538091, 0.535482, 0.593515, 0.610581, 0.563179, 0.584235, 0.614744, 0.639607, 0.661469, 0.643829], [0.559516, 0.529581, 0.628327, 0.590576, 0.558817, 0.596652, 0.626359, 0.672378, 0.643829, 0.680111]], "selected_count": 7}
{"qid": 495, "query": "Identify interception moments performed by players from Switzerland.", "vid": "WC2022_3857256_2_4940s_5090s", "pred_relevant_windows": [[35.7038, 43.2931, 0.4185], [13.5856, 21.2812, 0.4099], [111.3549, 118.988, 0.3985], [135.2382, 142.8492, 0.3955], [76.5861, 84.1603, 0.3927], [54.721, 62.4069, 0.3887], [94.8304, 102.4582, 0.3595]], "pred_exist_score": 0.5034, "pred_gate_score": 0.420283, "pred_zero_score": 0.4966, "pred_localization_evidence": 0.418547, "pred_exist_decision": 1, "pred_count": 1, "pred_count_probs": [0.4966, 0.253154, 0.23327, 0.014114, 0.002863], "all_query_windows": [[35.7038, 43.2931, 0.4185], [13.5856, 21.2812, 0.4099], [111.3549, 118.988, 0.3985], [135.2382, 142.8492, 0.3955], [76.5861, 84.1603, 0.3927], [54.721, 62.4069, 0.3887], [94.8304, 102.4582, 0.3595], [83.2532, 90.7999, 0.0136], [102.0954, 109.4936, 0.0112], [84.8441, 92.435, 0.0074]], "all_query_indices": [6, 0, 9, 1, 7, 3, 5, 8, 2, 4], "all_query_components": [[13.5856, 21.2812, 0.796131, 0.211053], [135.2382, 142.8492, 0.683701, 0.228751], [102.0954, 109.4936, 0.014653, 0.008629], [54.721, 62.4069, 0.606342, 0.249149], [84.8441, 92.435, 0.008274, 0.006639], [94.8304, 102.4582, 0.614849, 0.21018], [35.7038, 43.2931, 0.745809, 0.234888], [76.5861, 84.1603, 0.725277, 0.212583], [83.2532, 90.7999, 0.016063, 0.011476], [111.3549, 118.988, 0.701907, 0.226275]], "pred_same_event_probs": [[0.586142, 0.545494, 0.535121, 0.530052, 0.549682, 0.561617, 0.542455, 0.560988, 0.546942, 0.560223], [0.545494, 0.584523, 0.53116, 0.535235, 0.530965, 0.542121, 0.529537, 0.532368, 0.5355, 0.533787], [0.535121, 0.53116, 0.615697, 0.579639, 0.58156, 0.560592, 0.600165, 0.59945, 0.612709, 0.600262], [0.530052, 0.535235, 0.579639, 0.611475, 0.55365, 0.545979, 0.56721, 0.557685, 0.571625, 0.560603], [0.549682, 0.530965, 0.58156, 0.55365, 0.617926, 0.575453, 0.604087, 0.63008, 0.600111, 0.627874], [0.561617, 0.542121, 0.560592, 0.545979, 0.575453, 0.610042, 0.567399, 0.5979, 0.589244, 0.595428], [0.542455, 0.529537, 0.600165, 0.56721, 0.604087, 0.567399, 0.623782, 0.627508, 0.619691, 0.62768], [0.560988, 0.532368, 0.59945, 0.557685, 0.63008, 0.5979, 0.627508, 0.672625, 0.647259, 0.671587], [0.546942, 0.5355, 0.612709, 0.571625, 0.600111, 0.589244, 0.619691, 0.647259, 0.664218, 0.650939], [0.560223, 0.533787, 0.600262, 0.560603, 0.627874, 0.595428, 0.62768, 0.671587, 0.650939, 0.678386]], "selected_count": 7}
{"qid": 798, "query": "Find substitution moments by players from Switzerland.", "vid": "WC2022_3857256_2_4940s_5090s", "pred_relevant_windows": [[35.7362, 43.3308, 0.4166], [14.2381, 21.9667, 0.4085], [111.3037, 118.9404, 0.398], [76.76, 84.3486, 0.394], [135.3966, 143.0202, 0.3913], [54.8624, 62.5429, 0.3871], [94.6956, 102.3464, 0.3691]], "pred_exist_score": 0.4946, "pred_gate_score": 0.416882, "pred_zero_score": 0.505429, "pred_localization_evidence": 0.416606, "pred_exist_decision": 1, "pred_count": 1, "pred_count_probs": [0.505429, 0.248318, 0.229847, 0.013843, 0.002563], "all_query_windows": [[35.7362, 43.3308, 0.4166], [14.2381, 21.9667, 0.4085], [111.3037, 118.9404, 0.398], [76.76, 84.3486, 0.394], [135.3966, 143.0202, 0.3913], [54.8624, 62.5429, 0.3871], [94.6956, 102.3464, 0.3691], [83.2201, 90.745, 0.0156], [102.011, 109.3864, 0.0132], [85.0644, 92.6353, 0.0084]], "all_query_indices": [6, 0, 9, 7, 1, 3, 5, 8, 2, 4], "all_query_components": [[14.2381, 21.9667, 0.791602, 0.210847], [135.3966, 143.0202, 0.675808, 0.226581], [102.011, 109.3864, 0.017508, 0.009928], [54.8624, 62.5429, 0.602534, 0.248741], [85.0644, 92.6353, 0.009572, 0.007369], [94.6956, 102.3464, 0.63333, 0.215158], [35.7362, 43.3308, 0.741813, 0.233968], [76.76, 84.3486, 0.727192, 0.213523], [83.2201, 90.745, 0.018825, 0.012893], [111.3037, 118.9404, 0.699955, 0.22634]], "pred_same_event_probs": [[0.586153, 0.539654, 0.529968, 0.548773, 0.52976, 0.559526, 0.540745, 0.560462, 0.541801, 0.559802], [0.539654, 0.580442, 0.52938, 0.527108, 0.531237, 0.537736, 0.526829, 0.528469, 0.53385, 0.529782], [0.529968, 0.52938, 0.613387, 0.57584, 0.572546, 0.555669, 0.595101, 0.592651, 0.610502, 0.593721], [0.548773, 0.527108, 0.57584, 0.617366, 0.553434, 0.574723, 0.602701, 0.629051, 0.595704, 0.626807], [0.52976, 0.531237, 0.572546, 0.553434, 0.610692, 0.545108, 0.566181, 0.55718, 0.567132, 0.560563], [0.559526, 0.537736, 0.555669, 0.574723, 0.545108, 0.608869, 0.566345, 0.596793, 0.584733, 0.594264], [0.540745, 0.526829, 0.595101, 0.602701, 0.566181, 0.566345, 0.62256, 0.624894, 0.615227, 0.625374], [0.560462, 0.528469, 0.592651, 0.629051, 0.55718, 0.596793, 0.624894, 0.670516, 0.640892, 0.66945], [0.541801, 0.53385, 0.610502, 0.595704, 0.567132, 0.584733, 0.615227, 0.640892, 0.661212, 0.644832], [0.559802, 0.529782, 0.593721, 0.626807, 0.560563, 0.594264, 0.625374, 0.66945, 0.644832, 0.6768]], "selected_count": 7}
{"qid": 1899, "query": "Identify clearance moments performed by players from Serbia.", "vid": "WC2022_3857256_2_4940s_5090s", "pred_relevant_windows": [[50.7349, 58.493, 0.4728], [71.8242, 79.4988, 0.4535], [32.7973, 40.4728, 0.4519], [128.0789, 135.6205, 0.4466], [109.9314, 117.5214, 0.4402], [95.4561, 103.1542, 0.4352], [10.2864, 17.9774, 0.4079]], "pred_exist_score": 0.637, "pred_gate_score": 0.589263, "pred_zero_score": 0.362953, "pred_localization_evidence": 0.472799, "pred_exist_decision": 1, "pred_count": 2, "pred_count_probs": [0.362953, 0.108748, 0.339558, 0.113391, 0.07535], "all_query_windows": [[50.7349, 58.493, 0.4728], [71.8242, 79.4988, 0.4535], [32.7973, 40.4728, 0.4519], [128.0789, 135.6205, 0.4466], [109.9314, 117.5214, 0.4402], [95.4561, 103.1542, 0.4352], [10.2864, 17.9774, 0.4079], [78.7805, 86.1102, 0.0145], [103.0481, 110.8186, 0.0134], [77.2879, 84.9006, 0.0125]], "all_query_indices": [3, 7, 6, 1, 9, 5, 0, 8, 2, 4], "all_query_components": [[10.2864, 17.9774, 0.82688, 0.201169], [128.0789, 135.6205, 0.810559, 0.246109], [103.0481, 110.8186, 0.022275, 0.008059], [50.7349, 58.493, 0.817631, 0.273398], [77.2879, 84.9006, 0.017316, 0.008994], [95.4561, 103.1542, 0.771883, 0.245392], [32.7973, 40.4728, 0.845094, 0.241604], [71.8242, 79.4988, 0.855109, 0.240458], [78.7805, 86.1102, 0.019191, 0.01091], [109.9314, 117.5214, 0.788767, 0.245692]], "pred_same_event_probs": [[0.59676, 0.56048, 0.55071, 0.538399, 0.54556, 0.54875, 0.536375, 0.57821, 0.569318, 0.577646], [0.56048, 0.605725, 0.542255, 0.548564, 0.566815, 0.58874, 0.527582, 0.614912, 0.578857, 0.613443], [0.55071, 0.542255, 0.573517, 0.52465, 0.525235, 0.530755, 0.541881, 0.548526, 0.533275, 0.55013], [0.538399, 0.548564, 0.52465, 0.611755, 0.584098, 0.571157, 0.529837, 0.55503, 0.580739, 0.556097], [0.54556, 0.566815, 0.525235, 0.584098, 0.610145, 0.591433, 0.522432, 0.584816, 0.605038, 0.583558], [0.54875, 0.58874, 0.530755, 0.571157, 0.591433, 0.612195, 0.522007, 0.611014, 0.601085, 0.60915], [0.536375, 0.527582, 0.541881, 0.529837, 0.522432, 0.522007, 0.57717, 0.524626, 0.525163, 0.526812], [0.57821, 0.614912, 0.548526, 0.55503, 0.584816, 0.611014, 0.524626, 0.665207, 0.63234, 0.662747], [0.569318, 0.578857, 0.533275, 0.580739, 0.605038, 0.601085, 0.525163, 0.63234, 0.655823, 0.633772], [0.577646, 0.613443, 0.55013, 0.556097, 0.583558, 0.60915, 0.526812, 0.662747, 0.633772, 0.666802]], "selected_count": 7}
{"qid": 2581, "query": "Locate all shot actions by players from Switzerland.", "vid": "WC2022_3857256_2_4940s_5090s", "pred_relevant_windows": [[52.8904, 60.5934, 0.4444], [34.5334, 42.157, 0.4334], [111.316, 118.9056, 0.4248], [74.1508, 81.741, 0.4219], [11.4108, 19.0348, 0.4068], [133.8706, 141.4223, 0.4078], [95.3801, 103.0369, 0.3884]], "pred_exist_score": 0.5552, "pred_gate_score": 0.481785, "pred_zero_score": 0.444796, "pred_localization_evidence": 0.444384, "pred_exist_decision": 1, "pred_count": 2, "pred_count_probs": [0.444796, 0.187421, 0.31246, 0.043025, 0.012298], "all_query_windows": [[52.8904, 60.5934, 0.4444], [34.5334, 42.157, 0.4334], [111.316, 118.9056, 0.4248], [74.1508, 81.741, 0.4219], [133.8706, 141.4223, 0.4078], [11.4108, 19.0348, 0.4068], [95.3801, 103.0369, 0.3884], [82.1927, 89.7166, 0.0147], [105.3626, 112.737, 0.0126], [82.872, 90.4885, 0.0076]], "all_query_indices": [3, 6, 9, 7, 1, 0, 5, 8, 2, 4], "all_query_components": [[11.4108, 19.0348, 0.809627, 0.204431], [133.8706, 141.4223, 0.717224, 0.231827], [105.3626, 112.737, 0.018416, 0.008636], [52.8904, 60.5934, 0.733415, 0.269257], [82.872, 90.4885, 0.008837, 0.006494], [95.3801, 103.0369, 0.67194, 0.224464], [34.5334, 42.157, 0.790507, 0.237598], [74.1508, 81.741, 0.790027, 0.225273], [82.1927, 89.7166, 0.018206, 0.011849], [111.316, 118.9056, 0.753311, 0.23951]], "pred_same_event_probs": [[0.60533, 0.558894, 0.551542, 0.566682, 0.54216, 0.539964, 0.559631, 0.583957, 0.579487, 0.582451], [0.558894, 0.582657, 0.530531, 0.546593, 0.527493, 0.543207, 0.539693, 0.553931, 0.543157, 0.55432], [0.551542, 0.530531, 0.614687, 0.569524, 0.578036, 0.527877, 0.592304, 0.58702, 0.609098, 0.587406], [0.566682, 0.546593, 0.569524, 0.614166, 0.55249, 0.528214, 0.598583, 0.624192, 0.58625, 0.623213], [0.54216, 0.527493, 0.578036, 0.55249, 0.61547, 0.533624, 0.569282, 0.556896, 0.573352, 0.559544], [0.539964, 0.543207, 0.527877, 0.528214, 0.533624, 0.586765, 0.525493, 0.526237, 0.530128, 0.527678], [0.559631, 0.539693, 0.592304, 0.598583, 0.569282, 0.525493, 0.621693, 0.621999, 0.610746, 0.622423], [0.583957, 0.553931, 0.58702, 0.624192, 0.556896, 0.526237, 0.621999, 0.669764, 0.635207, 0.670055], [0.579487, 0.543157, 0.609098, 0.58625, 0.573352, 0.530128, 0.610746, 0.635207, 0.660555, 0.639473], [0.582451, 0.55432, 0.587406, 0.623213, 0.559544, 0.527678, 0.622423, 0.670055, 0.639473, 0.677543]], "selected_count": 7}
{"qid": 2820, "query": "Locate dribble moments performed by players from Switzerland.", "vid": "WC2022_3857256_2_4940s_5090s", "pred_relevant_windows": [[53.1547, 60.8685, 0.4481], [75.242, 82.8901, 0.4382], [34.6988, 42.3441, 0.4308], [111.302, 118.8828, 0.4285], [95.5573, 103.294, 0.4263], [12.9988, 20.698, 0.4002], [134.6284, 142.1779, 0.3953]], "pred_exist_score": 0.5459, "pred_gate_score": 0.476012, "pred_zero_score": 0.454105, "pred_localization_evidence": 0.448118, "pred_exist_decision": 1, "pred_count": 2, "pred_count_probs": [0.454105, 0.177727, 0.308632, 0.048308, 0.011227], "all_query_windows": [[53.1547, 60.8685, 0.4481], [75.242, 82.8901, 0.4382], [34.6988, 42.3441, 0.4308], [111.302, 118.8828, 0.4285], [95.5573, 103.294, 0.4263], [12.9988, 20.698, 0.4002], [134.6284, 142.1779, 0.3953], [82.195, 89.6412, 0.0238], [106.1289, 113.2895, 0.0219], [84.0983, 91.662, 0.0105]], "all_query_indices": [3, 7, 6, 9, 5, 0, 1, 8, 2, 4], "all_query_components": [[12.9988, 20.698, 0.798968, 0.200449], [134.6284, 142.1779, 0.692641, 0.225589], [106.1289, 113.2895, 0.034326, 0.014006], [53.1547, 60.8685, 0.737984, 0.272106], [84.0983, 91.662, 0.01295, 0.008505], [95.5573, 103.294, 0.743122, 0.244544], [34.6988, 42.3441, 0.784144, 0.236719], [75.242, 82.8901, 0.815531, 0.235451], [82.195, 89.6412, 0.031986, 0.017728], [111.302, 118.8828, 0.760709, 0.2414]], "pred_same_event_probs": [[0.605008, 0.567335, 0.557955, 0.546425, 0.560171, 0.537359, 0.543002, 0.584852, 0.569182, 0.58309], [0.567335, 0.614694, 0.549044, 0.56373, 0.597271, 0.525043, 0.554654, 0.62338, 0.575676, 0.62278], [0.557955, 0.549044, 0.584352, 0.523812, 0.538298, 0.536078, 0.53117, 0.557742, 0.531779, 0.557946], [0.546425, 0.56373, 0.523812, 0.616604, 0.589181, 0.530467, 0.567162, 0.578112, 0.611677, 0.579972], [0.560171, 0.597271, 0.538298, 0.589181, 0.620844, 0.525738, 0.568015, 0.616165, 0.601136, 0.617929], [0.537359, 0.525043, 0.536078, 0.530467, 0.525738, 0.588321, 0.529095, 0.523448, 0.532771, 0.524618], [0.543002, 0.554654, 0.53117, 0.567162, 0.568015, 0.529095, 0.616118, 0.556753, 0.560716, 0.561127], [0.584852, 0.62338, 0.557742, 0.578112, 0.616165, 0.523448, 0.556753, 0.664053, 0.618732, 0.664583], [0.569182, 0.575676, 0.531779, 0.611677, 0.601136, 0.532771, 0.560716, 0.618732, 0.655389, 0.624208], [0.58309, 0.62278, 0.557946, 0.579972, 0.617929, 0.524618, 0.561127, 0.664583, 0.624208, 0.674594]], "selected_count": 7}
