{"qid": 97, "query": "Locate block moments by players from Saudi Arabia.", "vid": "WC2022_3857260_2_3540s_3690s", "pred_relevant_windows": [[53.628, 61.235, 0.4256], [35.3584, 42.9309, 0.421], [110.7168, 118.2557, 0.4197]], "pred_exist_score": 0.6172, "pred_gate_score": 0.462328, "pred_zero_score": 0.382842, "pred_localization_evidence": 0.425594, "pred_exist_decision": 1, "pred_count": 2, "pred_count_probs": [0.382842, 0.253249, 0.320043, 0.035465, 0.008401], "all_query_windows": [[53.628, 61.235, 0.4256], [35.3584, 42.9309, 0.421], [110.7168, 118.2557, 0.4197], [75.7961, 83.3185, 0.4167], [94.738, 102.3822, 0.4081], [134.525, 142.1029, 0.4035], [14.2264, 21.9491, 0.3919], [82.4426, 89.9691, 0.0184], [103.8491, 111.1021, 0.0138], [83.8205, 91.3959, 0.0096]], "all_query_indices": [3, 6, 9, 7, 5, 1, 0, 8, 2, 4], "all_query_components": [[14.2264, 21.9491, 0.784078, 0.195845], [134.525, 142.1029, 0.712376, 0.228564], [103.8491, 111.1021, 0.020071, 0.00952], [53.628, 61.235, 0.693647, 0.261128], [83.8205, 91.3959, 0.01164, 0.007941], [94.738, 102.3822, 0.714825, 0.23303], [35.3584, 42.9309, 0.763899, 0.231987], [75.7961, 83.3185, 0.779457, 0.222748], [82.4426, 89.9691, 0.023734, 0.014318], [110.7168, 118.2557, 0.749308, 0.23508]], "pred_same_event_probs": [[0.599321, 0.551362, 0.555748, 0.569709, 0.564255, 0.541294, 0.538886, 0.585667, 0.583235, 0.586529], [0.551362, 0.581337, 0.532317, 0.544456, 0.541083, 0.52702, 0.536587, 0.549444, 0.544204, 0.551278], [0.555748, 0.532317, 0.609924, 0.580531, 0.592687, 0.579496, 0.534203, 0.592252, 0.602995, 0.591924], [0.569709, 0.544456, 0.580531, 0.614539, 0.600045, 0.55106, 0.535455, 0.621924, 0.599652, 0.620466], [0.564255, 0.541083, 0.592687, 0.600045, 0.616726, 0.563761, 0.530353, 0.616199, 0.61108, 0.615714], [0.541294, 0.52702, 0.579496, 0.55106, 0.563761, 0.613204, 0.536532, 0.549458, 0.569334, 0.552933], [0.538886, 0.536587, 0.534203, 0.535455, 0.530353, 0.536532, 0.584618, 0.531718, 0.532555, 0.533706], [0.585667, 0.549444, 0.592252, 0.621924, 0.616199, 0.549458, 0.531718, 0.663816, 0.642267, 0.663756], [0.583235, 0.544204, 0.602995, 0.599652, 0.61108, 0.569334, 0.532555, 0.642267, 0.656337, 0.647338], [0.586529, 0.551278, 0.591924, 0.620466, 0.615714, 0.552933, 0.533706, 0.663756, 0.647338, 0.674247]], "selected_count": 3}
{"qid": 408, "query": "Find shot moments performed by players from Mexico.", "vid": "WC2022_3857260_2_3540s_3690s", "pred_relevant_windows": [[35.4136, 43.0089, 0.4215], [111.149, 118.7255, 0.4162], [53.9504, 61.6158, 0.4213]], "pred_exist_score": 0.6175, "pred_gate_score": 0.450279, "pred_zero_score": 0.382455, "pred_localization_evidence": 0.421492, "pred_exist_decision": 1, "pred_count": 2, "pred_count_probs": [0.382455, 0.263971, 0.317055, 0.030357, 0.006163], "all_query_windows": [[35.4136, 43.0089, 0.4215], [53.9504, 61.6158, 0.4213], [111.149, 118.7255, 0.4162], [76.012, 83.5789, 0.4149], [95.0681, 102.7488, 0.4036], [13.8847, 21.5893, 0.3987], [134.8514, 142.4048, 0.3974], [82.7471, 90.2522, 0.0181], [104.3726, 111.6331, 0.0146], [84.4832, 92.0616, 0.0089]], "all_query_indices": [6, 3, 9, 7, 5, 0, 1, 8, 2, 4], "all_query_components": [[13.8847, 21.5893, 0.787989, 0.201686], [134.8514, 142.4048, 0.696132, 0.226906], [104.3726, 111.6331, 0.020725, 0.010288], [53.9504, 61.6158, 0.677226, 0.262133], [84.4832, 92.0616, 0.010371, 0.007556], [95.0681, 102.7488, 0.702264, 0.231985], [35.4136, 43.0089, 0.759019, 0.234059], [76.012, 83.5789, 0.772069, 0.222987], [82.7471, 90.2522, 0.022844, 0.014321], [111.149, 118.7255, 0.738329, 0.234629]], "pred_same_event_probs": [[0.574844, 0.528119, 0.511978, 0.518421, 0.522626, 0.515499, 0.510286, 0.522965, 0.524999, 0.525605], [0.528119, 0.599754, 0.554676, 0.566878, 0.561244, 0.537644, 0.538871, 0.583954, 0.581909, 0.585338], [0.511978, 0.554676, 0.611146, 0.580098, 0.589273, 0.533975, 0.578493, 0.59201, 0.600501, 0.591624], [0.518421, 0.566878, 0.580098, 0.614088, 0.593335, 0.534385, 0.547002, 0.621914, 0.594012, 0.619556], [0.522626, 0.561244, 0.589273, 0.593335, 0.615868, 0.52699, 0.559789, 0.610898, 0.60987, 0.61121], [0.515499, 0.537644, 0.533975, 0.534385, 0.52699, 0.586872, 0.535429, 0.530468, 0.52952, 0.532106], [0.510286, 0.538871, 0.578493, 0.547002, 0.559789, 0.535429, 0.613166, 0.545536, 0.566897, 0.549537], [0.522965, 0.583954, 0.59201, 0.621914, 0.610898, 0.530468, 0.545536, 0.66498, 0.638168, 0.664476], [0.524999, 0.581909, 0.600501, 0.594012, 0.60987, 0.52952, 0.566897, 0.638168, 0.655774, 0.644359], [0.525605, 0.585338, 0.591624, 0.619556, 0.61121, 0.532106, 0.549537, 0.664476, 0.644359, 0.676275]], "selected_count": 3}
{"qid": 1990, "query": "Locate foul committed moments performed by players from Saudi Arabia.", "vid": "WC2022_3857260_2_3540s_3690s", "pred_relevant_windows": [[35.7695, 43.361, 0.416], [14.0569, 21.7702, 0.4082], [111.3278, 118.9318, 0.403]], "pred_exist_score": 0.6179, "pred_gate_score": 0.423209, "pred_zero_score": 0.382102, "pred_localization_evidence": 0.415959, "pred_exist_decision": 1, "pred_count": 1, "pred_count_probs": [0.382102, 0.302942, 0.293303, 0.018399, 0.003254], "all_query_windows": [[35.7695, 43.361, 0.416], [14.0569, 21.7702, 0.4082], [111.3278, 118.9318, 0.403], [76.616, 84.1797, 0.3992], [135.2789, 142.8485, 0.3916], [54.737, 62.398, 0.3901], [95.03, 102.6828, 0.3826], [83.1282, 90.63, 0.016], [102.8285, 110.1684, 0.0128], [85.2444, 92.8187, 0.0079]], "all_query_indices": [6, 0, 9, 7, 1, 3, 5, 8, 2, 4], "all_query_components": [[14.0569, 21.7702, 0.790947, 0.210682], [135.2789, 142.8485, 0.680719, 0.225316], [102.8285, 110.1684, 0.017179, 0.009595], [54.737, 62.398, 0.609509, 0.249664], [85.2444, 92.8187, 0.008939, 0.007066], [95.03, 102.6828, 0.65951, 0.221953], [35.7695, 43.361, 0.740676, 0.2336], [76.616, 84.1797, 0.738093, 0.215899], [83.1282, 90.63, 0.019447, 0.013158], [111.3278, 118.9318, 0.711037, 0.228393]], "pred_same_event_probs": [[0.573119, 0.531248, 0.526131, 0.536262, 0.519709, 0.544976, 0.538331, 0.543299, 0.541647, 0.545925], [0.531248, 0.586006, 0.535313, 0.536643, 0.536635, 0.540754, 0.527695, 0.533407, 0.530636, 0.534622], [0.526131, 0.535313, 0.61079, 0.580596, 0.577653, 0.556179, 0.588371, 0.593236, 0.599265, 0.592319], [0.536262, 0.536643, 0.580596, 0.616637, 0.547575, 0.571417, 0.594776, 0.625918, 0.597999, 0.622399], [0.519709, 0.536635, 0.577653, 0.547575, 0.61017, 0.537964, 0.556319, 0.546492, 0.562222, 0.550337], [0.544976, 0.540754, 0.556179, 0.571417, 0.537964, 0.603046, 0.561577, 0.59119, 0.584786, 0.592217], [0.538331, 0.527695, 0.588371, 0.594776, 0.556319, 0.561577, 0.616291, 0.614067, 0.611752, 0.614557], [0.543299, 0.533407, 0.593236, 0.625918, 0.546492, 0.59119, 0.614067, 0.670479, 0.644475, 0.669271], [0.541647, 0.530636, 0.599265, 0.597999, 0.562222, 0.584786, 0.611752, 0.644475, 0.658292, 0.650859], [0.545925, 0.534622, 0.592319, 0.622399, 0.550337, 0.592217, 0.614557, 0.669271, 0.650859, 0.681114]], "selected_count": 3}
{"qid": 2052, "query": "Locate all clearance actions performed by players from Mexico.", "vid": "WC2022_3857260_2_3540s_3690s", "pred_relevant_windows": [[51.5801, 59.2156, 0.4652], [34.1244, 41.7517, 0.4417], [73.5158, 81.1043, 0.4422]], "pred_exist_score": 0.6116, "pred_gate_score": 0.527356, "pred_zero_score": 0.388409, "pred_localization_evidence": 0.465204, "pred_exist_decision": 1, "pred_count": 2, "pred_count_probs": [0.388409, 0.155476, 0.339971, 0.081077, 0.035068], "all_query_windows": [[51.5801, 59.2156, 0.4652], [73.5158, 81.1043, 0.4422], [34.1244, 41.7517, 0.4417], [110.6697, 118.1905, 0.4287], [95.4764, 103.1414, 0.4264], [132.2738, 139.771, 0.42], [11.4676, 19.1648, 0.3953], [81.1409, 88.5769, 0.0161], [105.3052, 112.8114, 0.0131], [81.0982, 88.6741, 0.0108]], "all_query_indices": [3, 7, 6, 9, 5, 1, 0, 8, 2, 4], "all_query_components": [[11.4676, 19.1648, 0.802686, 0.19469], [132.2738, 139.771, 0.7547, 0.233717], [105.3052, 112.8114, 0.020608, 0.008332], [51.5801, 59.2156, 0.794144, 0.272513], [81.0982, 88.6741, 0.01393, 0.008357], [95.4764, 103.1414, 0.752007, 0.241723], [34.1244, 41.7517, 0.819307, 0.238162], [73.5158, 81.1043, 0.832272, 0.234989], [81.1409, 88.5769, 0.020858, 0.012457], [110.6697, 118.1905, 0.769273, 0.238886]], "pred_same_event_probs": [[0.592569, 0.561725, 0.5504, 0.544829, 0.553991, 0.537068, 0.533858, 0.574533, 0.569882, 0.57577], [0.561725, 0.606778, 0.54444, 0.568833, 0.590901, 0.547211, 0.531063, 0.613648, 0.585542, 0.61278], [0.5504, 0.54444, 0.569815, 0.527868, 0.537654, 0.525364, 0.540605, 0.547468, 0.538087, 0.54999], [0.544829, 0.568833, 0.527868, 0.607012, 0.584841, 0.581609, 0.525381, 0.583062, 0.600928, 0.581642], [0.553991, 0.590901, 0.537654, 0.584841, 0.61058, 0.560572, 0.524726, 0.609013, 0.599725, 0.607215], [0.537068, 0.547211, 0.525364, 0.581609, 0.560572, 0.614482, 0.532845, 0.547318, 0.574565, 0.550057], [0.533858, 0.531063, 0.540605, 0.525381, 0.524726, 0.532845, 0.583447, 0.524908, 0.52495, 0.52729], [0.574533, 0.613648, 0.547468, 0.583062, 0.609013, 0.547318, 0.524908, 0.661624, 0.632786, 0.661315], [0.569882, 0.585542, 0.538087, 0.600928, 0.599725, 0.574565, 0.52495, 0.632786, 0.654557, 0.636762], [0.57577, 0.61278, 0.54999, 0.581642, 0.607215, 0.550057, 0.52729, 0.661315, 0.636762, 0.669616]], "selected_count": 3}
{"qid": 2528, "query": "Find substitution moments performed by players from Mexico.", "vid": "WC2022_3857260_2_3540s_3690s", "pred_relevant_windows": [[35.8709, 43.4604, 0.4143], [14.517, 22.258, 0.4049], [111.1402, 118.7464, 0.4015]], "pred_exist_score": 0.618, "pred_gate_score": 0.421187, "pred_zero_score": 0.382003, "pred_localization_evidence": 0.414349, "pred_exist_decision": 1, "pred_count": 1, "pred_count_probs": [0.382003, 0.307372, 0.289372, 0.017914, 0.00334], "all_query_windows": [[35.8709, 43.4604, 0.4143], [14.517, 22.258, 0.4049], [111.1402, 118.7464, 0.4015], [76.8207, 84.3796, 0.3947], [135.2433, 142.8192, 0.3934], [54.8068, 62.4565, 0.3888], [94.8938, 102.5456, 0.38], [83.1995, 90.7015, 0.0165], [102.6369, 109.9733, 0.0128], [85.2318, 92.7933, 0.0088]], "all_query_indices": [6, 0, 9, 7, 1, 3, 5, 8, 2, 4], "all_query_components": [[14.517, 22.258, 0.785635, 0.208639], [135.2433, 142.8192, 0.685636, 0.225728], [102.6369, 109.9733, 0.017282, 0.009539], [54.8068, 62.4565, 0.608436, 0.248469], [85.2318, 92.7933, 0.010084, 0.007614], [94.8938, 102.5456, 0.656267, 0.219993], [35.8709, 43.4604, 0.738088, 0.232608], [76.8207, 84.3796, 0.730339, 0.213362], [83.1995, 90.7015, 0.020164, 0.013432], [111.1402, 118.7464, 0.709857, 0.227048]], "pred_same_event_probs": [[0.574959, 0.537293, 0.530927, 0.543476, 0.523695, 0.551002, 0.542367, 0.550769, 0.546293, 0.552799], [0.537293, 0.583745, 0.535285, 0.536429, 0.53732, 0.540599, 0.530384, 0.533629, 0.533417, 0.535202], [0.530927, 0.535285, 0.610846, 0.580631, 0.577864, 0.556028, 0.590679, 0.593194, 0.60151, 0.59236], [0.543476, 0.536429, 0.580631, 0.616107, 0.548342, 0.571828, 0.599148, 0.62559, 0.602176, 0.622833], [0.523695, 0.53732, 0.577864, 0.548342, 0.61039, 0.538064, 0.558432, 0.547421, 0.564067, 0.551025], [0.551002, 0.540599, 0.556028, 0.571828, 0.538064, 0.60203, 0.564551, 0.59115, 0.587126, 0.59192], [0.542367, 0.530384, 0.590679, 0.599148, 0.558432, 0.564551, 0.617609, 0.617861, 0.61375, 0.617773], [0.550769, 0.533629, 0.593194, 0.62559, 0.547421, 0.59115, 0.617861, 0.668907, 0.647354, 0.667933], [0.546293, 0.533417, 0.60151, 0.602176, 0.564067, 0.587126, 0.61375, 0.647354, 0.659829, 0.652642], [0.552799, 0.535202, 0.59236, 0.622833, 0.551025, 0.59192, 0.617773, 0.667933, 0.652642, 0.678723]], "selected_count": 3}
{"qid": 4765, "query": "Find all substitution moments by players from Saudi Arabia.", "vid": "WC2022_3857260_2_3540s_3690s", "pred_relevant_windows": [[35.7001, 43.2781, 0.4181], [111.0373, 118.6348, 0.4075], [14.2752, 21.9942, 0.4014]], "pred_exist_score": 0.6181, "pred_gate_score": 0.433978, "pred_zero_score": 0.381888, "pred_localization_evidence": 0.418095, "pred_exist_decision": 1, "pred_count": 2, "pred_count_probs": [0.381888, 0.295366, 0.297356, 0.021032, 0.004358], "all_query_windows": [[35.7001, 43.2781, 0.4181], [111.0373, 118.6348, 0.4075], [14.2752, 21.9942, 0.4014], [54.3662, 62.0189, 0.4006], [76.424, 83.976, 0.3998], [135.0079, 142.5768, 0.3997], [94.8674, 102.5278, 0.3866], [82.9883, 90.5191, 0.0152], [102.7231, 110.0543, 0.0117], [84.6316, 92.2028, 0.0082]], "all_query_indices": [6, 9, 0, 3, 7, 1, 5, 8, 2, 4], "all_query_components": [[14.2752, 21.9942, 0.785709, 0.205045], [135.0079, 142.5768, 0.698914, 0.228576], [102.7231, 110.0543, 0.015739, 0.008682], [54.3662, 62.0189, 0.633676, 0.253237], [84.6316, 92.2028, 0.009397, 0.007146], [94.8674, 102.5278, 0.669951, 0.223055], [35.7001, 43.2781, 0.74878, 0.233451], [76.424, 83.976, 0.742031, 0.215387], [82.9883, 90.5191, 0.018451, 0.01247], [111.0373, 118.6348, 0.722068, 0.229954]], "pred_same_event_probs": [[0.579559, 0.533761, 0.538735, 0.555376, 0.547917, 0.52741, 0.544777, 0.554661, 0.548576, 0.55646], [0.533761, 0.611562, 0.536046, 0.556328, 0.581095, 0.578567, 0.593232, 0.593934, 0.603752, 0.592916], [0.538735, 0.536046, 0.585865, 0.540277, 0.536462, 0.537322, 0.531289, 0.533538, 0.534136, 0.535326], [0.555376, 0.556328, 0.540277, 0.602644, 0.572452, 0.539706, 0.5665, 0.591089, 0.588016, 0.591726], [0.547917, 0.581095, 0.536462, 0.572452, 0.617029, 0.549619, 0.602327, 0.626271, 0.604054, 0.623932], [0.52741, 0.578567, 0.537322, 0.539706, 0.549619, 0.612204, 0.561902, 0.548887, 0.567211, 0.55224], [0.544777, 0.593232, 0.531289, 0.5665, 0.602327, 0.561902, 0.619114, 0.620651, 0.615121, 0.619658], [0.554661, 0.593934, 0.533538, 0.591089, 0.626271, 0.548887, 0.620651, 0.670288, 0.650109, 0.669611], [0.548576, 0.603752, 0.534136, 0.588016, 0.604054, 0.567211, 0.615121, 0.650109, 0.661777, 0.654555], [0.55646, 0.592916, 0.535326, 0.591726, 0.623932, 0.55224, 0.619658, 0.669611, 0.654555, 0.679722]], "selected_count": 3}
{"qid": 4951, "query": "Find shot moments by players from Saudi Arabia.", "vid": "WC2022_3857260_2_3540s_3690s", "pred_relevant_windows": [[35.4631, 43.045, 0.4193], [110.9254, 118.4947, 0.4162], [53.9911, 61.6359, 0.416]], "pred_exist_score": 0.6177, "pred_gate_score": 0.450532, "pred_zero_score": 0.38228, "pred_localization_evidence": 0.419293, "pred_exist_decision": 1, "pred_count": 2, "pred_count_probs": [0.38228, 0.271218, 0.312252, 0.028466, 0.005784], "all_query_windows": [[35.4631, 43.045, 0.4193], [110.9254, 118.4947, 0.4162], [53.9911, 61.6359, 0.416], [76.0355, 83.5803, 0.4134], [94.8005, 102.4662, 0.4017], [134.8116, 142.3795, 0.3991], [14.3794, 22.1094, 0.3959], [82.6534, 90.1729, 0.0181], [103.6372, 110.9026, 0.0144], [84.3008, 91.8946, 0.0089]], "all_query_indices": [6, 9, 3, 7, 5, 1, 0, 8, 2, 4], "all_query_components": [[14.3794, 22.1094, 0.784316, 0.199867], [134.8116, 142.3795, 0.700718, 0.227313], [103.6372, 110.9026, 0.020356, 0.010172], [53.9911, 61.6359, 0.667799, 0.259124], [84.3008, 91.8946, 0.010484, 0.007569], [94.8005, 102.4662, 0.699992, 0.230562], [35.4631, 43.045, 0.756167, 0.232497], [76.0355, 83.5803, 0.769984, 0.221923], [82.6534, 90.1729, 0.022874, 0.014279], [110.9254, 118.4947, 0.739557, 0.234186]], "pred_same_event_probs": [[0.576027, 0.518686, 0.537475, 0.528554, 0.530481, 0.515286, 0.522256, 0.533542, 0.532942, 0.535862], [0.518686, 0.610128, 0.553751, 0.579608, 0.588733, 0.577872, 0.534625, 0.591459, 0.599527, 0.590924], [0.537475, 0.553751, 0.599482, 0.568044, 0.56251, 0.537873, 0.537442, 0.585057, 0.582822, 0.586299], [0.528554, 0.579608, 0.568044, 0.614266, 0.595506, 0.54776, 0.535, 0.622327, 0.596576, 0.620167], [0.530481, 0.588733, 0.56251, 0.595506, 0.616023, 0.558795, 0.527687, 0.612639, 0.610416, 0.612725], [0.515286, 0.577872, 0.537873, 0.54776, 0.558795, 0.611605, 0.535781, 0.546268, 0.56507, 0.550016], [0.522256, 0.534625, 0.537442, 0.535, 0.527687, 0.535781, 0.584748, 0.531531, 0.530317, 0.533121], [0.533542, 0.591459, 0.585057, 0.622327, 0.612639, 0.546268, 0.531531, 0.664889, 0.640349, 0.664597], [0.532942, 0.599527, 0.582822, 0.596576, 0.610416, 0.56507, 0.530317, 0.640349, 0.656212, 0.646205], [0.535862, 0.590924, 0.586299, 0.620167, 0.612725, 0.550016, 0.533121, 0.664597, 0.646205, 0.676189]], "selected_count": 3}
{"qid": 5381, "query": "Find foul committed moments performed by players from Mexico.", "vid": "WC2022_3857260_2_3540s_3690s", "pred_relevant_windows": [[35.7576, 43.3511, 0.4167], [13.9785, 21.6918, 0.4091], [111.3925, 118.9978, 0.4025]], "pred_exist_score": 0.6179, "pred_gate_score": 0.42249, "pred_zero_score": 0.382104, "pred_localization_evidence": 0.416696, "pred_exist_decision": 1, "pred_count": 1, "pred_count_probs": [0.382104, 0.303982, 0.292472, 0.018233, 0.003209], "all_query_windows": [[35.7576, 43.3511, 0.4167], [13.9785, 21.6918, 0.4091], [111.3925, 118.9978, 0.4025], [76.6036, 84.1672, 0.399], [135.2598, 142.8306, 0.392], [54.7629, 62.4264, 0.3896], [95.086, 102.7411, 0.3813], [83.1496, 90.6517, 0.0158], [102.8654, 110.2055, 0.0127], [85.2551, 92.8236, 0.0079]], "all_query_indices": [6, 0, 9, 7, 1, 3, 5, 8, 2, 4], "all_query_components": [[13.9785, 21.6918, 0.791883, 0.211375], [135.2598, 142.8306, 0.681292, 0.225586], [102.8654, 110.2055, 0.016989, 0.009555], [54.7629, 62.4264, 0.608132, 0.249579], [85.2551, 92.8236, 0.00885, 0.007018], [95.086, 102.7411, 0.656755, 0.221392], [35.7576, 43.3511, 0.741822, 0.234067], [76.6036, 84.1672, 0.737531, 0.215852], [83.1496, 90.6517, 0.01915, 0.013033], [111.3925, 118.9978, 0.709651, 0.228266]], "pred_same_event_probs": [[0.572221, 0.530375, 0.525524, 0.536046, 0.518527, 0.544388, 0.53837, 0.543171, 0.541478, 0.545896], [0.530375, 0.585698, 0.53482, 0.535808, 0.536632, 0.539789, 0.526096, 0.532459, 0.529324, 0.533558], [0.525524, 0.53482, 0.610376, 0.579444, 0.578075, 0.555367, 0.586281, 0.592075, 0.597896, 0.590947], [0.536046, 0.535808, 0.579444, 0.616027, 0.547021, 0.571216, 0.593144, 0.625301, 0.597001, 0.621631], [0.518527, 0.536632, 0.578075, 0.547021, 0.610192, 0.537118, 0.553784, 0.545888, 0.560296, 0.549343], [0.544388, 0.539789, 0.555367, 0.571216, 0.537118, 0.602682, 0.559937, 0.591077, 0.583545, 0.591934], [0.53837, 0.526096, 0.586281, 0.593144, 0.553784, 0.559937, 0.61522, 0.612738, 0.610455, 0.61323], [0.543171, 0.532459, 0.592075, 0.625301, 0.545888, 0.591077, 0.612738, 0.67027, 0.643784, 0.668903], [0.541478, 0.529324, 0.597896, 0.597001, 0.560296, 0.583545, 0.610455, 0.643784, 0.657648, 0.650173], [0.545896, 0.533558, 0.590947, 0.621631, 0.549343, 0.591934, 0.61323, 0.668903, 0.650173, 0.680781]], "selected_count": 3}
{"qid": 6338, "query": "Locate all clearance actions by players from Saudi Arabia.", "vid": "WC2022_3857260_2_3540s_3690s", "pred_relevant_windows": [[51.3683, 58.9927, 0.4655], [33.9332, 41.554, 0.4436], [73.1975, 80.7727, 0.4473]], "pred_exist_score": 0.6104, "pred_gate_score": 0.544615, "pred_zero_score": 0.389591, "pred_localization_evidence": 0.46551, "pred_exist_decision": 1, "pred_count": 2, "pred_count_probs": [0.389591, 0.142757, 0.339181, 0.088345, 0.040127], "all_query_windows": [[51.3683, 58.9927, 0.4655], [73.1975, 80.7727, 0.4473], [33.9332, 41.554, 0.4436], [110.2919, 117.7973, 0.4338], [95.4327, 103.077, 0.4325], [131.9673, 139.4633, 0.423], [11.8089, 19.5301, 0.3947], [80.7001, 88.1486, 0.0163], [104.7736, 112.3012, 0.0135], [80.2819, 87.9063, 0.0111]], "all_query_indices": [3, 7, 6, 9, 5, 1, 0, 8, 2, 4], "all_query_components": [[11.8089, 19.5301, 0.806726, 0.193091], [131.9673, 139.4633, 0.762828, 0.234566], [104.7736, 112.3012, 0.02167, 0.008445], [51.3683, 58.9927, 0.798958, 0.271227], [80.2819, 87.9063, 0.014624, 0.008362], [95.4327, 103.077, 0.764852, 0.244579], [33.9332, 41.554, 0.82768, 0.237709], [73.1975, 80.7727, 0.842773, 0.237404], [80.7001, 88.1486, 0.021478, 0.012386], [110.2919, 117.7973, 0.780255, 0.241189]], "pred_same_event_probs": [[0.593733, 0.563665, 0.552058, 0.546189, 0.555576, 0.537648, 0.535055, 0.576353, 0.571579, 0.577787], [0.563665, 0.608129, 0.546546, 0.570045, 0.592232, 0.547954, 0.532255, 0.614595, 0.587174, 0.613483], [0.552058, 0.546546, 0.571772, 0.529225, 0.538918, 0.526186, 0.542983, 0.54894, 0.539659, 0.551688], [0.546189, 0.570045, 0.529225, 0.60783, 0.58666, 0.583552, 0.526058, 0.584101, 0.601597, 0.582311], [0.555576, 0.592232, 0.538918, 0.58666, 0.611701, 0.562098, 0.525769, 0.610098, 0.601694, 0.607924], [0.537648, 0.547954, 0.526186, 0.583552, 0.562098, 0.615872, 0.53316, 0.548058, 0.57524, 0.55062], [0.535055, 0.532255, 0.542983, 0.526058, 0.525769, 0.53316, 0.583794, 0.526018, 0.525964, 0.528592], [0.576353, 0.614595, 0.54894, 0.584101, 0.610098, 0.548058, 0.526018, 0.662615, 0.634539, 0.662084], [0.571579, 0.587174, 0.539659, 0.601597, 0.601694, 0.57524, 0.525964, 0.634539, 0.655757, 0.63833], [0.577787, 0.613483, 0.551688, 0.582311, 0.607924, 0.55062, 0.528592, 0.662084, 0.63833, 0.670642]], "selected_count": 3}
{"qid": 6516, "query": "Identify block moments performed by players from Mexico.", "vid": "WC2022_3857260_2_3540s_3690s", "pred_relevant_windows": [[53.7355, 61.362, 0.4234], [35.4283, 42.9959, 0.4213], [111.042, 118.6056, 0.4147]], "pred_exist_score": 0.6176, "pred_gate_score": 0.454394, "pred_zero_score": 0.382367, "pred_localization_evidence": 0.423434, "pred_exist_decision": 1, "pred_count": 2, "pred_count_probs": [0.382367, 0.264897, 0.31436, 0.030779, 0.007597], "all_query_windows": [[53.7355, 61.362, 0.4234], [35.4283, 42.9959, 0.4213], [111.042, 118.6056, 0.4147], [75.7632, 83.2863, 0.4106], [134.6206, 142.1848, 0.4034], [94.9523, 102.6056, 0.3993], [13.5761, 21.2592, 0.3954], [82.7361, 90.2722, 0.0153], [103.988, 111.3343, 0.0113], [84.0795, 91.6575, 0.0083]], "all_query_indices": [3, 6, 9, 7, 1, 5, 0, 8, 2, 4], "all_query_components": [[13.5761, 21.2592, 0.785699, 0.199013], [134.6206, 142.1848, 0.709267, 0.229399], [103.988, 111.3343, 0.015719, 0.008083], [53.7355, 61.362, 0.686462, 0.26119], [84.0795, 91.6575, 0.009662, 0.007104], [94.9523, 102.6056, 0.696765, 0.228862], [35.4283, 42.9959, 0.760951, 0.233222], [75.7632, 83.2863, 0.767412, 0.219726], [82.7361, 90.2722, 0.018953, 0.012375], [111.042, 118.6056, 0.737902, 0.233073]], "pred_same_event_probs": [[0.599919, 0.552881, 0.556418, 0.569676, 0.541529, 0.563267, 0.536605, 0.586385, 0.583815, 0.587084], [0.552881, 0.578022, 0.534541, 0.54574, 0.527398, 0.541047, 0.539575, 0.551377, 0.545284, 0.553163], [0.556418, 0.534541, 0.610377, 0.580519, 0.581513, 0.59359, 0.530909, 0.593073, 0.604363, 0.592436], [0.569676, 0.54574, 0.580519, 0.614619, 0.550934, 0.600529, 0.532138, 0.622972, 0.600251, 0.62137], [0.541529, 0.527398, 0.581513, 0.550934, 0.61349, 0.563446, 0.534911, 0.549838, 0.569949, 0.553109], [0.563267, 0.541047, 0.59359, 0.600529, 0.563446, 0.616985, 0.527567, 0.618278, 0.611842, 0.617428], [0.536605, 0.539575, 0.530909, 0.532138, 0.534911, 0.527567, 0.584731, 0.528318, 0.529425, 0.530384], [0.586385, 0.551377, 0.593073, 0.622972, 0.549838, 0.618278, 0.528318, 0.667161, 0.645735, 0.666935], [0.583815, 0.545284, 0.604363, 0.600251, 0.569949, 0.611842, 0.529425, 0.645735, 0.658864, 0.65046], [0.587084, 0.553163, 0.592436, 0.62137, 0.553109, 0.617428, 0.530384, 0.666935, 0.65046, 0.676755]], "selected_count": 3}
{"qid": 363, "query": "Identify foul committed moments performed by players from Switzerland.", "vid": "WC2022_3857256_2_4940s_5090s", "pred_relevant_windows": [[35.6707, 43.2772, 0.4181], [13.8858, 21.616, 0.4171], [111.6395, 119.2917, 0.3891]], "pred_exist_score": 0.618, "pred_gate_score": 0.409336, "pred_zero_score": 0.381992, "pred_localization_evidence": 0.418113, "pred_exist_decision": 1, "pred_count": 1, "pred_count_probs": [0.381992, 0.318018, 0.282261, 0.015111, 0.002617], "all_query_windows": [[35.6707, 43.2772, 0.4181], [13.8858, 21.616, 0.4171], [76.6941, 84.2805, 0.394], [111.6395, 119.2917, 0.3891], [135.6925, 143.3341, 0.3774], [55.1019, 62.8058, 0.3758], [94.8122, 102.4409, 0.358], [83.2131, 90.7368, 0.0145], [101.702, 109.16, 0.012], [85.3424, 92.9443, 0.0074]], "all_query_indices": [6, 0, 7, 9, 1, 3, 5, 8, 2, 4], "all_query_components": [[13.8858, 21.616, 0.800393, 0.217325], [135.6925, 143.3341, 0.646829, 0.220223], [101.702, 109.16, 0.015366, 0.009341], [55.1019, 62.8058, 0.57856, 0.244126], [85.3424, 92.9443, 0.008086, 0.006704], [94.8122, 102.4409, 0.608592, 0.210562], [35.6707, 43.2772, 0.741386, 0.235799], [76.6941, 84.2805, 0.724456, 0.214302], [83.2131, 90.7368, 0.017197, 0.012287], [111.6395, 119.2917, 0.679517, 0.222804]], "pred_same_event_probs": [[0.58486, 0.537438, 0.551426, 0.527337, 0.529181, 0.558103, 0.54266, 0.56003, 0.540095, 0.561572], [0.537438, 0.584432, 0.530202, 0.530545, 0.528747, 0.536935, 0.529682, 0.526705, 0.534139, 0.528726], [0.551426, 0.530202, 0.618716, 0.569866, 0.54925, 0.574681, 0.602368, 0.628517, 0.592655, 0.625604], [0.527337, 0.530545, 0.569866, 0.606521, 0.561266, 0.549832, 0.589298, 0.581518, 0.602708, 0.580585], [0.529181, 0.528747, 0.54925, 0.561266, 0.610267, 0.539584, 0.558997, 0.547807, 0.55234, 0.552023], [0.558103, 0.536935, 0.574681, 0.549832, 0.539584, 0.607468, 0.567085, 0.594985, 0.580794, 0.594798], [0.54266, 0.529682, 0.602368, 0.589298, 0.558997, 0.567085, 0.622101, 0.621798, 0.61015, 0.620651], [0.56003, 0.526705, 0.628517, 0.581518, 0.547807, 0.594985, 0.621798, 0.674623, 0.639026, 0.674145], [0.540095, 0.534139, 0.592655, 0.602708, 0.55234, 0.580794, 0.61015, 0.639026, 0.660743, 0.644002], [0.561572, 0.528726, 0.625604, 0.580585, 0.552023, 0.594798, 0.620651, 0.674145, 0.644002, 0.685163]], "selected_count": 3}
{"qid": 495, "query": "Identify interception moments performed by players from Switzerland.", "vid": "WC2022_3857256_2_4940s_5090s", "pred_relevant_windows": [[35.7038, 43.2931, 0.4185], [13.5856, 21.2812, 0.4099], [111.3549, 118.988, 0.3985]], "pred_exist_score": 0.6185, "pred_gate_score": 0.420283, "pred_zero_score": 0.381494, "pred_localization_evidence": 0.418547, "pred_exist_decision": 1, "pred_count": 1, "pred_count_probs": [0.381494, 0.31104, 0.286608, 0.017341, 0.003517], "all_query_windows": [[35.7038, 43.2931, 0.4185], [13.5856, 21.2812, 0.4099], [111.3549, 118.988, 0.3985], [135.2382, 142.8492, 0.3955], [76.5861, 84.1603, 0.3927], [54.721, 62.4069, 0.3887], [94.8304, 102.4582, 0.3595], [83.2532, 90.7999, 0.0136], [102.0954, 109.4936, 0.0112], [84.8441, 92.435, 0.0074]], "all_query_indices": [6, 0, 9, 1, 7, 3, 5, 8, 2, 4], "all_query_components": [[13.5856, 21.2812, 0.796131, 0.211053], [135.2382, 142.8492, 0.683701, 0.228751], [102.0954, 109.4936, 0.014653, 0.008629], [54.721, 62.4069, 0.606342, 0.249149], [84.8441, 92.435, 0.008274, 0.006639], [94.8304, 102.4582, 0.614849, 0.21018], [35.7038, 43.2931, 0.745809, 0.234888], [76.5861, 84.1603, 0.725277, 0.212583], [83.2532, 90.7999, 0.016063, 0.011476], [111.3549, 118.988, 0.701907, 0.226275]], "pred_same_event_probs": [[0.582798, 0.544488, 0.537029, 0.530538, 0.551847, 0.559392, 0.546052, 0.559769, 0.549446, 0.561528], [0.544488, 0.586306, 0.531804, 0.532978, 0.534168, 0.539622, 0.532153, 0.530931, 0.534409, 0.53313], [0.537029, 0.531804, 0.610038, 0.57226, 0.579686, 0.557021, 0.596284, 0.592563, 0.605034, 0.591317], [0.530538, 0.532978, 0.57226, 0.609997, 0.550706, 0.541233, 0.561304, 0.5501, 0.560174, 0.553543], [0.551847, 0.534168, 0.579686, 0.550706, 0.617859, 0.573568, 0.603403, 0.627582, 0.599685, 0.625014], [0.559392, 0.539622, 0.557021, 0.541233, 0.573568, 0.605311, 0.566691, 0.593242, 0.585809, 0.593491], [0.546052, 0.532153, 0.596284, 0.561304, 0.603403, 0.566691, 0.621757, 0.62348, 0.615321, 0.62196], [0.559769, 0.530931, 0.592563, 0.5501, 0.627582, 0.593242, 0.62348, 0.673335, 0.647057, 0.672672], [0.549446, 0.534409, 0.605034, 0.560174, 0.599685, 0.585809, 0.615321, 0.647057, 0.663325, 0.651346], [0.561528, 0.53313, 0.591317, 0.553543, 0.625014, 0.593491, 0.62196, 0.672672, 0.651346, 0.682755]], "selected_count": 3}
{"qid": 798, "query": "Find substitution moments by players from Switzerland.", "vid": "WC2022_3857256_2_4940s_5090s", "pred_relevant_windows": [[35.7362, 43.3308, 0.4166], [14.2381, 21.9667, 0.4085], [111.3037, 118.9404, 0.398]], "pred_exist_score": 0.6182, "pred_gate_score": 0.416882, "pred_zero_score": 0.381784, "pred_localization_evidence": 0.416606, "pred_exist_decision": 1, "pred_count": 1, "pred_count_probs": [0.381784, 0.310398, 0.287309, 0.017304, 0.003204], "all_query_windows": [[35.7362, 43.3308, 0.4166], [14.2381, 21.9667, 0.4085], [111.3037, 118.9404, 0.398], [76.76, 84.3486, 0.394], [135.3966, 143.0202, 0.3913], [54.8624, 62.5429, 0.3871], [94.6956, 102.3464, 0.3691], [83.2201, 90.745, 0.0156], [102.011, 109.3864, 0.0132], [85.0644, 92.6353, 0.0084]], "all_query_indices": [6, 0, 9, 7, 1, 3, 5, 8, 2, 4], "all_query_components": [[14.2381, 21.9667, 0.791602, 0.210847], [135.3966, 143.0202, 0.675808, 0.226581], [102.011, 109.3864, 0.017508, 0.009928], [54.8624, 62.5429, 0.602534, 0.248741], [85.0644, 92.6353, 0.009572, 0.007369], [94.6956, 102.3464, 0.63333, 0.215158], [35.7362, 43.3308, 0.741813, 0.233968], [76.76, 84.3486, 0.727192, 0.213523], [83.2201, 90.745, 0.018825, 0.012893], [111.3037, 118.9404, 0.699955, 0.22634]], "pred_same_event_probs": [[0.582644, 0.538014, 0.53069, 0.550704, 0.529794, 0.556885, 0.543882, 0.558896, 0.543367, 0.560627], [0.538014, 0.5817, 0.52896, 0.529536, 0.527832, 0.534497, 0.528527, 0.526201, 0.531901, 0.528244], [0.53069, 0.52896, 0.606979, 0.573056, 0.564581, 0.551504, 0.590375, 0.584696, 0.601896, 0.583536], [0.550704, 0.529536, 0.573056, 0.616848, 0.549999, 0.572493, 0.601407, 0.625976, 0.594401, 0.62335], [0.529794, 0.527832, 0.564581, 0.549999, 0.608647, 0.53998, 0.559833, 0.549142, 0.554853, 0.552933], [0.556885, 0.534497, 0.551504, 0.572493, 0.53998, 0.603824, 0.565276, 0.59152, 0.580546, 0.591624], [0.543882, 0.528527, 0.590375, 0.601407, 0.559833, 0.565276, 0.619865, 0.620054, 0.609876, 0.618726], [0.558896, 0.526201, 0.584696, 0.625976, 0.549142, 0.59152, 0.620054, 0.670533, 0.639304, 0.669812], [0.543367, 0.531901, 0.601896, 0.594401, 0.554853, 0.580546, 0.609876, 0.639304, 0.659161, 0.643669], [0.560627, 0.528244, 0.583536, 0.62335, 0.552933, 0.591624, 0.618726, 0.669812, 0.643669, 0.680409]], "selected_count": 3}
{"qid": 1899, "query": "Identify clearance moments performed by players from Serbia.", "vid": "WC2022_3857256_2_4940s_5090s", "pred_relevant_windows": [[50.7349, 58.493, 0.4728], [32.7973, 40.4728, 0.4519], [128.0789, 135.6205, 0.4466]], "pred_exist_score": 0.6061, "pred_gate_score": 0.589263, "pred_zero_score": 0.393866, "pred_localization_evidence": 0.472799, "pred_exist_decision": 1, "pred_count": 2, "pred_count_probs": [0.393866, 0.103471, 0.323081, 0.107888, 0.071694], "all_query_windows": [[50.7349, 58.493, 0.4728], [71.8242, 79.4988, 0.4535], [32.7973, 40.4728, 0.4519], [128.0789, 135.6205, 0.4466], [109.9314, 117.5214, 0.4402], [95.4561, 103.1542, 0.4352], [10.2864, 17.9774, 0.4079], [78.7805, 86.1102, 0.0145], [103.0481, 110.8186, 0.0134], [77.2879, 84.9006, 0.0125]], "all_query_indices": [3, 7, 6, 1, 9, 5, 0, 8, 2, 4], "all_query_components": [[10.2864, 17.9774, 0.82688, 0.201169], [128.0789, 135.6205, 0.810559, 0.246109], [103.0481, 110.8186, 0.022275, 0.008059], [50.7349, 58.493, 0.817631, 0.273398], [77.2879, 84.9006, 0.017316, 0.008994], [95.4561, 103.1542, 0.771883, 0.245392], [32.7973, 40.4728, 0.845094, 0.241604], [71.8242, 79.4988, 0.855109, 0.240458], [78.7805, 86.1102, 0.019191, 0.01091], [109.9314, 117.5214, 0.788767, 0.245692]], "pred_same_event_probs": [[0.590838, 0.557576, 0.544848, 0.539753, 0.546237, 0.549934, 0.535572, 0.571259, 0.570311, 0.573262], [0.557576, 0.603419, 0.541846, 0.550131, 0.565723, 0.586148, 0.530448, 0.611031, 0.580866, 0.608976], [0.544848, 0.541846, 0.567347, 0.528276, 0.527168, 0.533319, 0.541501, 0.544052, 0.535684, 0.547459], [0.539753, 0.550131, 0.528276, 0.613494, 0.577481, 0.565736, 0.533167, 0.550877, 0.573192, 0.552748], [0.546237, 0.565723, 0.527168, 0.577481, 0.603253, 0.585951, 0.525346, 0.578522, 0.598045, 0.574898], [0.549934, 0.586148, 0.533319, 0.565736, 0.585951, 0.607482, 0.525617, 0.605123, 0.597167, 0.601228], [0.535572, 0.530448, 0.541501, 0.533167, 0.525346, 0.525617, 0.581233, 0.522475, 0.525728, 0.525513], [0.571259, 0.611031, 0.544052, 0.550877, 0.578522, 0.605123, 0.522475, 0.662011, 0.628336, 0.65942], [0.570311, 0.580866, 0.535684, 0.573192, 0.598045, 0.597167, 0.525728, 0.628336, 0.652979, 0.630461], [0.573262, 0.608976, 0.547459, 0.552748, 0.574898, 0.601228, 0.525513, 0.65942, 0.630461, 0.667209]], "selected_count": 3}
{"qid": 2581, "query": "Locate all shot actions by players from Switzerland.", "vid": "WC2022_3857256_2_4940s_5090s", "pred_relevant_windows": [[52.8904, 60.5934, 0.4444], [34.5334, 42.157, 0.4334], [111.316, 118.9056, 0.4248]], "pred_exist_score": 0.6158, "pred_gate_score": 0.481785, "pred_zero_score": 0.384192, "pred_localization_evidence": 0.444384, "pred_exist_decision": 1, "pred_count": 2, "pred_count_probs": [0.384192, 0.207879, 0.346567, 0.047721, 0.013641], "all_query_windows": [[52.8904, 60.5934, 0.4444], [34.5334, 42.157, 0.4334], [111.316, 118.9056, 0.4248], [74.1508, 81.741, 0.4219], [133.8706, 141.4223, 0.4078], [11.4108, 19.0348, 0.4068], [95.3801, 103.0369, 0.3884], [82.1927, 89.7166, 0.0147], [105.3626, 112.737, 0.0126], [82.872, 90.4885, 0.0076]], "all_query_indices": [3, 6, 9, 7, 1, 0, 5, 8, 2, 4], "all_query_components": [[11.4108, 19.0348, 0.809627, 0.204431], [133.8706, 141.4223, 0.717224, 0.231827], [105.3626, 112.737, 0.018416, 0.008636], [52.8904, 60.5934, 0.733415, 0.269257], [82.872, 90.4885, 0.008837, 0.006494], [95.3801, 103.0369, 0.67194, 0.224464], [34.5334, 42.157, 0.790507, 0.237598], [74.1508, 81.741, 0.790027, 0.225273], [82.1927, 89.7166, 0.018206, 0.011849], [111.316, 118.9056, 0.753311, 0.23951]], "pred_same_event_probs": [[0.600858, 0.556368, 0.55079, 0.564785, 0.539813, 0.539859, 0.560169, 0.57895, 0.577508, 0.580172], [0.556368, 0.578776, 0.533063, 0.548127, 0.529421, 0.543666, 0.543215, 0.551999, 0.545541, 0.554483], [0.55079, 0.533063, 0.610005, 0.569041, 0.572562, 0.531262, 0.588616, 0.581014, 0.60296, 0.579537], [0.564785, 0.548127, 0.569041, 0.614213, 0.551813, 0.532115, 0.597824, 0.621604, 0.586741, 0.619915], [0.539813, 0.529421, 0.572562, 0.551813, 0.616626, 0.534221, 0.564614, 0.551221, 0.564249, 0.554461], [0.539859, 0.543666, 0.531262, 0.532115, 0.534221, 0.591381, 0.529304, 0.525645, 0.530762, 0.527917], [0.560169, 0.543215, 0.588616, 0.597824, 0.564614, 0.529304, 0.619305, 0.617417, 0.607036, 0.616054], [0.57895, 0.551999, 0.581014, 0.621604, 0.551221, 0.525645, 0.617417, 0.668718, 0.632696, 0.668839], [0.577508, 0.545541, 0.60296, 0.586741, 0.564249, 0.530762, 0.607036, 0.632696, 0.658452, 0.637789], [0.580172, 0.554483, 0.579537, 0.619915, 0.554461, 0.527917, 0.616054, 0.668839, 0.637789, 0.679836]], "selected_count": 3}
{"qid": 2820, "query": "Locate dribble moments performed by players from Switzerland.", "vid": "WC2022_3857256_2_4940s_5090s", "pred_relevant_windows": [[53.1547, 60.8685, 0.4481], [111.302, 118.8828, 0.4285], [75.242, 82.8901, 0.4382]], "pred_exist_score": 0.6152, "pred_gate_score": 0.476012, "pred_zero_score": 0.384831, "pred_localization_evidence": 0.448118, "pred_exist_decision": 1, "pred_count": 2, "pred_count_probs": [0.38483, 0.200281, 0.347798, 0.054438, 0.012652], "all_query_windows": [[53.1547, 60.8685, 0.4481], [75.242, 82.8901, 0.4382], [34.6988, 42.3441, 0.4308], [111.302, 118.8828, 0.4285], [95.5573, 103.294, 0.4263], [12.9988, 20.698, 0.4002], [134.6284, 142.1779, 0.3953], [82.195, 89.6412, 0.0238], [106.1289, 113.2895, 0.0219], [84.0983, 91.662, 0.0105]], "all_query_indices": [3, 7, 6, 9, 5, 0, 1, 8, 2, 4], "all_query_components": [[12.9988, 20.698, 0.798968, 0.200449], [134.6284, 142.1779, 0.692641, 0.225589], [106.1289, 113.2895, 0.034326, 0.014006], [53.1547, 60.8685, 0.737984, 0.272106], [84.0983, 91.662, 0.01295, 0.008505], [95.5573, 103.294, 0.743122, 0.244544], [34.6988, 42.3441, 0.784144, 0.236719], [75.242, 82.8901, 0.815531, 0.235451], [82.195, 89.6412, 0.031986, 0.017728], [111.302, 118.8828, 0.760709, 0.2414]], "pred_same_event_probs": [[0.60125, 0.566893, 0.55627, 0.545953, 0.561903, 0.538383, 0.541154, 0.580678, 0.567183, 0.581406], [0.566893, 0.614861, 0.552027, 0.563641, 0.596481, 0.530348, 0.55481, 0.620466, 0.576671, 0.61909], [0.55627, 0.552027, 0.58152, 0.525364, 0.542282, 0.537247, 0.53335, 0.556752, 0.533074, 0.558827], [0.545953, 0.563641, 0.525364, 0.611993, 0.586162, 0.53469, 0.563261, 0.572556, 0.606077, 0.572425], [0.561903, 0.596481, 0.542282, 0.586162, 0.618161, 0.530829, 0.564356, 0.611115, 0.598366, 0.610915], [0.538383, 0.530348, 0.537247, 0.53469, 0.530829, 0.594059, 0.529516, 0.523762, 0.534908, 0.525502], [0.541154, 0.55481, 0.53335, 0.563261, 0.564356, 0.529516, 0.616412, 0.55186, 0.553188, 0.556354], [0.580678, 0.620466, 0.556752, 0.572556, 0.611115, 0.523762, 0.55186, 0.66215, 0.615208, 0.662677], [0.567183, 0.576671, 0.533074, 0.606077, 0.598366, 0.534908, 0.553188, 0.615208, 0.652009, 0.621081], [0.581406, 0.61909, 0.558827, 0.572425, 0.610915, 0.525502, 0.556354, 0.662677, 0.621081, 0.675562]], "selected_count": 3}
{"qid": 3365, "query": "Locate dribble moments performed by players from Serbia.", "vid": "WC2022_3857256_2_4940s_5090s", "pred_relevant_windows": [[53.6084, 61.3117, 0.4373], [111.3196, 118.9063, 0.4225], [35.0128, 42.6475, 0.4262]], "pred_exist_score": 0.6163, "pred_gate_score": 0.460756, "pred_zero_score": 0.383711, "pred_localization_evidence": 0.437308, "pred_exist_decision": 1, "pred_count": 2, "pred_count_probs": [0.383711, 0.224414, 0.339387, 0.043427, 0.009061], "all_query_windows": [[53.6084, 61.3117, 0.4373], [75.7043, 83.3311, 0.4285], [35.0128, 42.6475, 0.4262], [111.3196, 118.9063, 0.4225], [95.2901, 103.0107, 0.4175], [13.4718, 21.1833, 0.4], [134.9105, 142.4707, 0.3923], [82.5143, 89.9654, 0.0234], [105.4907, 112.6512, 0.0212], [84.6101, 92.1572, 0.0105]], "all_query_indices": [3, 7, 6, 9, 5, 0, 1, 8, 2, 4], "all_query_components": [[13.4718, 21.1833, 0.794871, 0.201317], [134.9105, 142.4707, 0.684733, 0.224703], [105.4907, 112.6512, 0.03217, 0.013915], [53.6084, 61.3117, 0.711601, 0.268744], [84.6101, 92.1572, 0.012742, 0.00858], [95.2901, 103.0107, 0.727014, 0.239786], [35.0128, 42.6475, 0.771391, 0.235498], [75.7043, 83.3311, 0.797366, 0.230222], [82.5143, 89.9654, 0.031043, 0.017607], [111.3196, 118.9063, 0.748917, 0.238359]], "pred_same_event_probs": [[0.601735, 0.568898, 0.557671, 0.546452, 0.562972, 0.538762, 0.541552, 0.583265, 0.568356, 0.583892], [0.568898, 0.61505, 0.55285, 0.565514, 0.59782, 0.531398, 0.554097, 0.621138, 0.579917, 0.619557], [0.557671, 0.55285, 0.58225, 0.526415, 0.543379, 0.538234, 0.533582, 0.55855, 0.534536, 0.560479], [0.546452, 0.565514, 0.526415, 0.610436, 0.586381, 0.534693, 0.562794, 0.574467, 0.604707, 0.574332], [0.562972, 0.59782, 0.543379, 0.586381, 0.618109, 0.531608, 0.563575, 0.612516, 0.599276, 0.612295], [0.538762, 0.531398, 0.538234, 0.534693, 0.531608, 0.592171, 0.529903, 0.525449, 0.535788, 0.527052], [0.541552, 0.554097, 0.533582, 0.562794, 0.563575, 0.529903, 0.614591, 0.551625, 0.55269, 0.556086], [0.583265, 0.621138, 0.55855, 0.574467, 0.612516, 0.525449, 0.551625, 0.662259, 0.618189, 0.662578], [0.568356, 0.579917, 0.534536, 0.604707, 0.599276, 0.535788, 0.55269, 0.618189, 0.651285, 0.623685], [0.583892, 0.619557, 0.560479, 0.574332, 0.612295, 0.527052, 0.556086, 0.662578, 0.623685, 0.67523]], "selected_count": 3}
